3 0.734375 0.6015625 0.73828125 0.6015625 0.744140625 0.611328125 0.744140625 0.615234375 0.748046875 0.619140625 0.74609375 0.6328125 0.7421875 0.634765625 0.734375 0.626953125 0.734375 0.609375 0.732421875 0.607421875 0.734375 0.603515625
3 0.853761574074074 0.4448784722222222 0.028964120370370328 0.03226273148148151
3 0.55078125 0.908203125 0.5546875 0.91015625 0.5546875 0.916015625 0.55859375 0.923828125 0.55859375 0.935546875 0.556640625 0.939453125 0.55078125 0.94140625 0.55078125 0.927734375 0.548828125 0.92578125 0.55078125 0.91015625
3 0.693359375 0.41796875 0.697265625 0.42578125 0.6953125 0.427734375 0.6953125 0.43359375 0.689453125 0.439453125 0.689453125 0.4453125 0.69140625 0.447265625 0.6875 0.453125 0.68359375 0.482421875 0.67578125 0.482421875 0.669921875 0.474609375 0.671875 0.470703125 0.669921875 0.46875 0.669921875 0.45703125 0.6796875 0.443359375 0.685546875 0.427734375 0.693359375 0.419921875
3 0.724609375 0.525390625 0.73046875 0.533203125 0.736328125 0.533203125 0.736328125 0.5390625 0.732421875 0.54296875 0.728515625 0.552734375 0.7109375 0.55078125 0.705078125 0.54296875 0.703125 0.529296875 0.7109375 0.529296875 0.72265625 0.525390625
3 0.953125 0.353515625 0.95703125 0.365234375 0.95703125 0.373046875 0.953125 0.37890625 0.93359375 0.376953125 0.935546875 0.36328125 0.9453125 0.35546875 0.951171875 0.353515625
3 0.88671875 0.443359375 0.89453125 0.439453125 0.900390625 0.439453125 0.90234375 0.44140625 0.90234375 0.44921875 0.896484375 0.458984375 0.896484375 0.462890625 0.892578125 0.46484375 0.89453125 0.47265625 0.890625 0.470703125 0.88671875 0.474609375 0.88671875 0.486328125 0.8828125 0.486328125 0.8828125 0.478515625 0.880859375 0.4765625 0.88671875 0.46484375 0.88671875 0.455078125 0.884765625 0.453125 0.884765625 0.447265625 0.88671875 0.4453125
3 0.73046875 0.509765625 0.73046875 0.49609375 0.734375 0.486328125 0.740234375 0.490234375 0.744140625 0.5078125 0.740234375 0.51171875 0.740234375 0.515625 0.736328125 0.515625 0.732421875 0.509765625
3 0.73828125 0.427734375 0.7421875 0.4296875 0.744140625 0.435546875 0.744140625 0.443359375 0.740234375 0.44921875 0.740234375 0.458984375 0.734375 0.4609375 0.728515625 0.4453125 0.728515625 0.439453125 0.73828125 0.4296875
3 0.802734375 0.21484375 0.806640625 0.20703125 0.8203125 0.197265625 0.826171875 0.197265625 0.830078125 0.201171875 0.826171875 0.208984375 0.8203125 0.208984375 0.818359375 0.212890625 0.8046875 0.216796875
3 0.51171875 0.9453125 0.517578125 0.94921875 0.521484375 0.9609375 0.51953125 0.974609375 0.515625 0.978515625 0.509765625 0.978515625 0.51171875 0.947265625
3 0.7265625 0.5703125 0.73046875 0.576171875 0.73046875 0.583984375 0.728515625 0.5859375 0.728515625 0.59375 0.724609375 0.59765625 0.716796875 0.595703125 0.712890625 0.587890625 0.71484375 0.57421875 0.720703125 0.568359375 0.724609375 0.5703125
3 0.916015625 0.470703125 0.919921875 0.4765625 0.921875 0.4921875 0.9140625 0.5 0.908203125 0.5 0.904296875 0.4921875 0.896484375 0.48828125 0.896484375 0.484375 0.900390625 0.482421875 0.90234375 0.4765625 0.90625 0.47265625 0.9140625 0.470703125
3 0.783203125 0.384765625 0.78515625 0.38671875 0.787109375 0.384765625 0.7890625 0.388671875 0.7890625 0.396484375 0.783203125 0.404296875 0.783203125 0.41015625 0.78125 0.412109375 0.771484375 0.412109375 0.76953125 0.41015625 0.76953125 0.404296875 0.7734375 0.400390625 0.7734375 0.388671875 0.78125 0.38671875
3 0.71484375 0.486328125 0.716796875 0.490234375 0.71484375 0.49609375 0.716796875 0.5 0.716796875 0.513671875 0.712890625 0.51953125 0.705078125 0.51953125 0.701171875 0.5078125 0.703125 0.49609375 0.712890625 0.486328125
3 0.830078125 0.474609375 0.8359375 0.474609375 0.845703125 0.486328125 0.841796875 0.490234375 0.841796875 0.494140625 0.837890625 0.49609375 0.8359375 0.501953125 0.828125 0.505859375 0.8203125 0.49609375 0.822265625 0.494140625 0.822265625 0.48828125 0.828125 0.484375 0.830078125 0.4765625
3 0.888671875 0.166015625 0.88671875 0.162109375 0.880859375 0.169921875 0.87890625 0.16796875 0.87890625 0.16015625 0.890625 0.146484375 0.8984375 0.142578125 0.904296875 0.142578125 0.904296875 0.15234375 0.890625 0.166015625
3 0.708984375 0.373046875 0.712890625 0.373046875 0.712890625 0.376953125 0.716796875 0.380859375 0.708984375 0.404296875 0.703125 0.40625 0.701171875 0.384765625 0.708984375 0.375
3 0.04296875 0 0.044921875 0 0.05078125 0.01171875 0.05859375 0.01953125 0.048828125 0.021484375 0.04296875 0.017578125 0.04296875 0.001953125
3 0.6796875 0.52734375 0.6875 0.53515625 0.689453125 0.548828125 0.69921875 0.560546875 0.69921875 0.576171875 0.6953125 0.578125 0.689453125 0.578125 0.6875 0.576171875 0.68359375 0.568359375 0.681640625 0.544921875 0.677734375 0.5390625 0.6796875 0.537109375 0.677734375 0.533203125 0.6796875 0.529296875
3 0.201593005859375 0.118542623046875 0.20065899609375 0.12869129296875 0.203877029296875 0.134970259765625 0.21217517578125 0.14354348828125 0.22476997265625 0.144176046875 0.22259440625 0.12469518359375 0.224564939453125 0.11765724609375 0.2219193984375 0.11140703125 0.212367814453125 0.105829525390625 0.201593005859375 0.118542623046875