0 0.7265625 0.18359375 0.73046875 0.189453125 0.73046875 0.201171875 0.720703125 0.208984375 0.71484375 0.208984375 0.71875 0.19921875 0.71875 0.193359375 0.724609375 0.185546875
0 0.93359375 0.49609375 0.9375 0.5 0.94140625 0.5 0.947265625 0.50390625 0.9453125 0.515625 0.94140625 0.51953125 0.9375 0.51953125 0.931640625 0.515625 0.923828125 0.515625 0.916015625 0.505859375 0.916015625 0.5 0.92578125 0.49609375 0.931640625 0.49609375
0 0.91796875 0.478515625 0.919921875 0.466796875 0.931640625 0.451171875 0.9375 0.451171875 0.94140625 0.45703125 0.94140625 0.46875 0.939453125 0.470703125 0.9296875 0.470703125 0.921875 0.474609375 0.919921875 0.478515625
0 0.80859375 0.787109375 0.8203125 0.798828125 0.8203125 0.8125 0.8125 0.814453125 0.80078125 0.80078125 0.80859375 0.79296875 0.80859375 0.7890625
0 0.919921875 0.330078125 0.927734375 0.341796875 0.927734375 0.34765625 0.923828125 0.3515625 0.916015625 0.375 0.912109375 0.376953125 0.90625 0.375 0.908203125 0.37109375 0.904296875 0.36328125 0.904296875 0.357421875 0.9140625 0.333984375 0.91796875 0.33203125
0 0.748046875 0.486328125 0.021484375 0.01953125
0 0.767578125 0.6875 0.771484375 0.69921875 0.765625 0.701171875 0.7578125 0.701171875 0.74609375 0.689453125 0.748046875 0.68359375 0.7578125 0.6875 0.765625 0.6875
0 0.86328125 0.654296875 0.875 0.66015625 0.876953125 0.677734375 0.869140625 0.671875 0.86328125 0.671875 0.857421875 0.666015625 0.859375 0.65625 0.861328125 0.65625
0 0.908203125 0.5078125 0.912109375 0.51171875 0.91015625 0.521484375 0.904296875 0.52734375 0.89453125 0.525390625 0.890625 0.529296875 0.888671875 0.529296875 0.888671875 0.513671875 0.90625 0.5078125
0 0.919921875 0.49609375 0.919921875 0.48828125 0.9375 0.47265625 0.943359375 0.47265625 0.9453125 0.4765625 0.943359375 0.490234375 0.9375 0.49609375 0.93359375 0.4921875 0.92578125 0.4921875 0.921875 0.49609375
0 0.794921875 0.57421875 0.796875 0.58984375 0.794921875 0.595703125 0.791015625 0.59765625 0.783203125 0.591796875 0.78125 0.576171875 0.783203125 0.57421875 0.787109375 0.576171875 0.79296875 0.57421875
0 0.84375 0.517578125 0.84765625 0.5234375 0.84375 0.52734375 0.84375 0.533203125 0.8359375 0.533203125 0.83203125 0.537109375 0.828125 0.533203125 0.828125 0.525390625 0.8359375 0.517578125 0.841796875 0.517578125
0 0.705078125 0.599609375 0.708984375 0.60546875 0.716796875 0.60546875 0.71875 0.609375 0.716796875 0.611328125 0.716796875 0.6171875 0.708984375 0.62109375 0.70703125 0.615234375 0.701171875 0.609375 0.701171875 0.603515625 0.703125 0.6015625
0 0.80859375 0.41796875 0.8125 0.427734375 0.8046875 0.4375 0.798828125 0.4375 0.80078125 0.427734375 0.796875 0.423828125 0.791015625 0.42578125 0.791015625 0.419921875 0.79296875 0.41796875 0.806640625 0.41796875
0 0.69921875 0.400390625 0.701171875 0.40234375 0.701171875 0.408203125 0.6953125 0.416015625 0.689453125 0.416015625 0.6875 0.4140625 0.6875 0.408203125 0.697265625 0.400390625
0 0.685546875 0.689453125 0.685546875 0.6796875 0.693359375 0.673828125 0.6953125 0.673828125 0.6953125 0.677734375 0.69921875 0.681640625 0.69921875 0.6875 0.6953125 0.693359375 0.69140625 0.693359375 0.6875 0.689453125
0 0.890625 0.443359375 0.892578125 0.45703125 0.888671875 0.4609375 0.880859375 0.4609375 0.87890625 0.462890625 0.873046875 0.4609375 0.873046875 0.453125 0.8828125 0.443359375 0.888671875 0.443359375
0 0.939453125 0.537109375 0.939453125 0.548828125 0.931640625 0.556640625 0.919921875 0.5546875 0.919921875 0.544921875 0.92578125 0.53515625 0.931640625 0.5390625 0.9375 0.537109375
0 0.955078125 0.798828125 0.95703125 0.798828125 0.955078125 0.80078125 0.955078125 0.806640625 0.94921875 0.810546875 0.955078125 0.8203125 0.953125 0.82421875 0.955078125 0.83203125 0.953125 0.833984375 0.947265625 0.83203125 0.939453125 0.822265625 0.94140625 0.81640625 0.9375 0.8125 0.931640625 0.8125 0.935546875 0.8046875 0.94140625 0.8046875 0.943359375 0.802734375 0.947265625 0.8046875 0.953125 0.798828125
0 0.990234375 0.37890625 0.998046875 0.375 0.998046875 0.3984375 0.994140625 0.40234375 0.974609375 0.40234375 0.970703125 0.3984375 0.966796875 0.3984375 0.966796875 0.390625 0.970703125 0.38671875 0.98046875 0.38671875 0.990234375 0.380859375
0 0.86328125 0.439453125 0.025390625 0.02734375
0 0.9453125 0.431640625 0.9453125 0.4375 0.94140625 0.44140625 0.94140625 0.451171875 0.931640625 0.451171875 0.9296875 0.453125 0.923828125 0.4453125 0.923828125 0.4375 0.927734375 0.43359375 0.939453125 0.43359375 0.943359375 0.431640625