3 0.53923261328125 0.52592925 0.548675986328125 0.504884 0.55118725 0.4738894140625 0.54414950390625 0.438261234375 0.534188654296875 0.4165809765625 0.517376669921875 0.395405076171875 0.5027627734375 0.3870885546875 0.484576376953125 0.38714659375 0.470955078125 0.398608990234375 0.462979423828125 0.41648656640625 0.4589318046875 0.44780771484375 0.464170966796875 0.48001059765625 0.4736883359375 0.50464081640625 0.490375375 0.527747076171875 0.508642744140625 0.5381427265625 0.524587078125 0.53760935546875 0.53923261328125 0.52592925
0 0.701171875 0.767578125 0.70703125 0.767578125 0.716796875 0.78125 0.716796875 0.787109375 0.71484375 0.7890625 0.70703125 0.787109375 0.701171875 0.779296875 0.701171875 0.7734375 0.69921875 0.771484375 0.701171875 0.76953125
0 0.68359375 0.689453125 0.685546875 0.69140625 0.689453125 0.689453125 0.689453125 0.6953125 0.701171875 0.71484375 0.69921875 0.720703125 0.693359375 0.71875 0.69140625 0.708984375 0.681640625 0.697265625 0.68359375 0.69140625
0 0.375 0.25 0.3828125 0.24609375 0.3828125 0.25 0.38671875 0.251953125 0.390625 0.259765625 0.388671875 0.26171875 0.390625 0.27734375 0.388671875 0.27734375 0.37890625 0.267578125 0.375 0.259765625 0.376953125 0.251953125
0 0.185546875 0.861328125 0.1875 0.849609375 0.19140625 0.841796875 0.19921875 0.84375 0.203125 0.8515625 0.203125 0.86328125 0.201171875 0.8671875 0.1953125 0.8671875 0.193359375 0.865234375 0.19140625 0.8671875 0.1875 0.861328125
0 0.72265625 0.615234375 0.732421875 0.61328125 0.740234375 0.619140625 0.740234375 0.625 0.7421875 0.626953125 0.7421875 0.630859375 0.736328125 0.6328125 0.728515625 0.623046875 0.724609375 0.623046875 0.72265625 0.6171875
0 0.779296875 0.712890625 0.7890625 0.724609375 0.79296875 0.724609375 0.79296875 0.73046875 0.787109375 0.736328125 0.77734375 0.732421875 0.77734375 0.71484375
0 0.17578125 0.83984375 0.173828125 0.84375 0.17578125 0.845703125 0.17578125 0.857421875 0.171875 0.859375 0.16796875 0.859375 0.1640625 0.85546875 0.1640625 0.84765625 0.16796875 0.841796875 0.173828125 0.83984375
0 0.755859375 0.767578125 0.7578125 0.767578125 0.76171875 0.77734375 0.771484375 0.78515625 0.771484375 0.791015625 0.76171875 0.79296875 0.755859375 0.783203125 0.755859375 0.775390625 0.75390625 0.7734375 0.755859375 0.76953125
0 0.783203125 0.849609375 0.7890625 0.8515625 0.794921875 0.865234375 0.787109375 0.875 0.783203125 0.876953125 0.78125 0.875 0.78125 0.87109375 0.77734375 0.865234375 0.77734375 0.85546875 0.783203125 0.8515625
0 0.201171875 0.86328125 0.203125 0.86328125 0.203125 0.869140625 0.205078125 0.87109375 0.201171875 0.87890625 0.201171875 0.884765625 0.197265625 0.888671875 0.193359375 0.890625 0.1875 0.88671875 0.181640625 0.88671875 0.173828125 0.8828125 0.17578125 0.87109375 0.1796875 0.87109375 0.18359375 0.8671875 0.19140625 0.869140625 0.201171875 0.865234375
0 0.078125 0.919921875 0.083984375 0.9140625 0.091796875 0.912109375 0.091796875 0.91796875 0.09375 0.919921875 0.09375 0.92578125 0.091796875 0.927734375 0.087890625 0.927734375 0.08203125 0.935546875 0.080078125 0.921875