1 0.504363470703125 1 0.51583948046875 0.999799685546875 0.515491583984375 0.99129784375 0.5058895546875 0.959324447265625 0.493875791015625 0.941573001953125 0.477207490234375 0.931465388671875 0.458110955078125 0.93463469140625 0.443982380859375 0.9481158359375 0.432694427734375 0.97194595703125 0.42930150390625 0.99091165234375 0.429247052734375 1 0.504363470703125 1
4 0.302734375 0.75 0.306640625 0.751953125 0.30859375 0.7578125 0.3046875 0.765625 0.296875 0.771484375 0.291015625 0.765625 0.29296875 0.755859375 0.296875 0.751953125 0.30078125 0.751953125
4 0.892578125 0.794921875 0.908203125 0.81640625 0.908203125 0.82421875 0.904296875 0.82421875 0.900390625 0.818359375 0.892578125 0.81640625 0.884765625 0.802734375 0.884765625 0.796875 0.88671875 0.794921875 0.890625 0.796875
4 0.900390625 0.83984375 0.904296875 0.83984375 0.91015625 0.845703125 0.91015625 0.859375 0.908203125 0.861328125 0.900390625 0.859375 0.896484375 0.853515625 0.896484375 0.84765625 0.900390625 0.841796875
4 0.310546875 0.498046875 0.3203125 0.494140625 0.32421875 0.49609375 0.32421875 0.509765625 0.3203125 0.515625 0.3125 0.515625 0.310546875 0.513671875 0.310546875 0.5078125 0.30859375 0.505859375 0.310546875 0.5
4 0.8828125 0.8203125 0.896484375 0.83203125 0.8984375 0.837890625 0.896484375 0.845703125 0.892578125 0.84765625 0.87890625 0.833984375 0.87890625 0.82421875 0.880859375 0.822265625
4 0.98828125 0.908203125 0.998046875 0.9140625 0.998046875 0.92578125 0.994140625 0.927734375 0.990234375 0.919921875 0.9765625 0.91796875 0.974609375 0.912109375 0.9765625 0.904296875 0.98046875 0.90234375 0.986328125 0.908203125
4 0.279296875 0.640625 0.28125 0.64453125 0.279296875 0.6484375 0.283203125 0.654296875 0.283203125 0.66015625 0.27734375 0.66015625 0.275390625 0.662109375 0.26953125 0.658203125 0.267578125 0.646484375 0.2734375 0.638671875 0.27734375 0.640625
4 0.869140625 0.947265625 0.857421875 0.93359375 0.857421875 0.921875 0.861328125 0.916015625 0.86328125 0.916015625 0.865234375 0.9296875 0.873046875 0.9375 0.875 0.943359375 0.875 0.947265625 0.873046875 0.94921875 0.87109375 0.947265625
4 0.3984375 0.703125 0.400390625 0.70703125 0.400390625 0.71875 0.396484375 0.7265625 0.390625 0.72265625 0.390625 0.708984375 0.396484375 0.703125
4 0.994140625 0.892578125 0.998046875 0.892578125 0.998046875 0.91015625 0.994140625 0.90625 0.994140625 0.89453125
4 0.046875 0.533203125 0.05078125 0.533203125 0.0546875 0.537109375 0.0546875 0.544921875 0.046875 0.552734375 0.04296875 0.541015625 0.046875 0.53515625
4 0.3154296875 0.5986328125 0.017578125 0.01953125
4 0.306640625 0.615234375 0.3125 0.62109375 0.302734375 0.634765625 0.296875 0.634765625 0.294921875 0.630859375 0.298828125 0.619140625 0.3046875 0.615234375
4 0.994140625 0.892578125 0.998046875 0.892578125 0.998046875 0.9140625 0.994140625 0.9140625 0.994140625 0.89453125
4 0.8828125 0.8203125 0.908203125 0.84375 0.91015625 0.84765625 0.91015625 0.859375 0.8984375 0.857421875 0.88671875 0.84375 0.87890625 0.83203125 0.87890625 0.82421875 0.880859375 0.822265625