0 0.78125 0.166015625 0.7890625 0.169921875 0.791015625 0.18359375 0.79296875 0.185546875 0.78515625 0.193359375 0.779296875 0.19140625 0.775390625 0.185546875 0.775390625 0.173828125 0.78125 0.16796875
0 0.845703125 0.376953125 0.845703125 0.380859375 0.8515625 0.390625 0.8515625 0.400390625 0.84375 0.400390625 0.84375 0.39453125 0.83984375 0.390625 0.833984375 0.390625 0.83203125 0.39453125 0.830078125 0.390625 0.84375 0.376953125
0 0.75 0.19921875 0.7578125 0.19921875 0.763671875 0.189453125 0.767578125 0.189453125 0.767578125 0.1953125 0.771484375 0.203125 0.771484375 0.20703125 0.76171875 0.216796875 0.759765625 0.2109375 0.75 0.201171875
0 0.82421875 0.6953125 0.828125 0.69921875 0.83203125 0.69921875 0.83203125 0.703125 0.8359375 0.708984375 0.8359375 0.716796875 0.83203125 0.71875 0.82421875 0.71484375 0.81640625 0.70703125 0.81640625 0.69921875 0.822265625 0.697265625
0 0.76953125 0.23046875 0.765625 0.21484375 0.771484375 0.205078125 0.775390625 0.20703125 0.783203125 0.21875 0.783203125 0.232421875 0.78515625 0.234375 0.779296875 0.234375 0.77734375 0.228515625 0.771484375 0.23046875
0 0.755859375 0.150390625 0.759765625 0.15625 0.759765625 0.169921875 0.755859375 0.173828125 0.74609375 0.17578125 0.744140625 0.181640625 0.734375 0.181640625 0.73046875 0.185546875 0.73046875 0.173828125 0.740234375 0.16796875 0.74609375 0.15234375 0.75390625 0.150390625
0 0.75390625 0.236328125 0.025390625 0.037109375
0 0.3203125 0.9609375 0.322265625 0.97265625 0.31640625 0.984375 0.3125 0.984375 0.30859375 0.98046875 0.3046875 0.96875 0.3125 0.95703125 0.318359375 0.9609375
0 0.3046875 0.88671875 0.310546875 0.892578125 0.310546875 0.90625 0.3046875 0.916015625 0.30078125 0.916015625 0.296875 0.912109375 0.296875 0.90625 0.294921875 0.904296875 0.294921875 0.896484375 0.30078125 0.890625 0.298828125 0.888671875 0.302734375 0.88671875
0 0.724609375 0.30859375 0.7265625 0.328125 0.72265625 0.33203125 0.716796875 0.330078125 0.712890625 0.318359375 0.72265625 0.30859375
0 0.71484375 0.216796875 0.720703125 0.224609375 0.720703125 0.23046875 0.71875 0.232421875 0.720703125 0.240234375 0.716796875 0.25390625 0.71875 0.255859375 0.71875 0.26171875 0.716796875 0.263671875 0.71875 0.283203125 0.716796875 0.287109375 0.7109375 0.28125 0.708984375 0.2578125 0.705078125 0.25390625 0.705078125 0.240234375 0.703125 0.23828125 0.705078125 0.224609375 0.70703125 0.220703125 0.712890625 0.21875
0 0.896484375 0.380859375 0.904296875 0.390625 0.904296875 0.400390625 0.900390625 0.408203125 0.88671875 0.396484375 0.8828125 0.3984375 0.888671875 0.38671875 0.89453125 0.3828125
0 0.03515625 0.814453125 0.033203125 0.796875 0.0390625 0.798828125 0.0390625 0.806640625 0.03515625 0.8125
0 0.76953125 0.27734375 0.767578125 0.259765625 0.7734375 0.251953125 0.779296875 0.251953125 0.783203125 0.2578125 0.783203125 0.26171875 0.779296875 0.2734375 0.771484375 0.27734375
0 0.876953125 0.630859375 0.880859375 0.630859375 0.8828125 0.634765625 0.888671875 0.6328125 0.892578125 0.64453125 0.892578125 0.65625 0.890625 0.658203125 0.892578125 0.66015625 0.884765625 0.6640625 0.8828125 0.65625 0.87890625 0.65234375 0.880859375 0.646484375 0.876953125 0.6328125
0 0.767578125 0.29296875 0.771484375 0.30078125 0.765625 0.310546875 0.765625 0.32421875 0.763671875 0.326171875 0.759765625 0.32421875 0.759765625 0.3203125 0.75390625 0.3125 0.75390625 0.3046875 0.755859375 0.302734375 0.755859375 0.296875 0.765625 0.29296875
0 0.80078125 0.1796875 0.8046875 0.16015625 0.8125 0.1484375 0.81640625 0.1484375 0.822265625 0.154296875 0.822265625 0.158203125 0.806640625 0.173828125 0.8046875 0.1796875 0.802734375 0.1796875
0 0.861328125 0.470703125 0.875 0.47265625 0.880859375 0.486328125 0.87890625 0.4921875 0.875 0.494140625 0.8671875 0.486328125 0.859375 0.482421875 0.861328125 0.47265625
0 0.921875 0.5234375 0.927734375 0.5234375 0.9296875 0.529296875 0.935546875 0.529296875 0.947265625 0.537109375 0.947265625 0.546875 0.9453125 0.552734375 0.94140625 0.5546875 0.9375 0.548828125 0.93359375 0.548828125 0.92578125 0.54296875 0.919921875 0.529296875 0.921875 0.525390625
0 0.775390625 0.61328125 0.775390625 0.609375 0.771484375 0.603515625 0.771484375 0.59375 0.779296875 0.58984375 0.783203125 0.591796875 0.78515625 0.611328125 0.779296875 0.611328125 0.77734375 0.61328125
0 0.03515625 0.744140625 0.0390625 0.744140625 0.044921875 0.75 0.0390625 0.759765625 0.044921875 0.76171875 0.048828125 0.7578125 0.048828125 0.75390625 0.052734375 0.76171875 0.04296875 0.7734375 0.0390625 0.7734375 0.03125 0.779296875 0.029296875 0.77734375 0.029296875 0.763671875 0.03515625 0.759765625 0.037109375 0.74609375
0 0.78125 0.375 0.7890625 0.37109375 0.791015625 0.373046875 0.794921875 0.37890625 0.794921875 0.392578125 0.796875 0.39453125 0.787109375 0.396484375 0.783203125 0.392578125 0.783203125 0.37890625 0.78125 0.376953125
0 0.186125833984375 0.093678091796875 0.193307560546875 0.089641244140625 0.195326060546875 0.082031640625 0.193472142578125 0.071742470703125 0.188636287109375 0.06602615625 0.180618337890625 0.068062318359375 0.17885426171875 0.07774404296875 0.180453755859375 0.085961091796875 0.186125833984375 0.093678091796875
0 0.165293236328125 0.039445271484375 0.170383515625 0.04723370703125 0.17561969140625 0.04659078515625 0.18106061328125 0.035405919921875 0.164980630859375 0.03738029296875 0.165293236328125 0.039445271484375