3 0.095703125 0.96484375 0.10546875 0.98046875 0.107421875 0.998046875 0.060546875 0.998046875 0.060546875 0.994140625 0.083984375 0.970703125 0.09375 0.96484375
3 0.0625 0.130859375 0.06640625 0.134765625 0.072265625 0.1484375 0.072265625 0.171875 0.06640625 0.181640625 0.056640625 0.181640625 0.037109375 0.19921875 0.02734375 0.208984375 0.025390625 0.216796875 0.01953125 0.224609375 0.015625 0.22265625 0.009765625 0.224609375 0 0.22265625 0 0.171875 0.00390625 0.16796875 0.00390625 0.1640625 0.015625 0.150390625 0.03125 0.138671875 0.04296875 0.13671875 0.046875 0.1328125 0.056640625 0.12890625 0.060546875 0.130859375
3 0.27734375 0.7724609375 0.0927734375 0.14453125
3 0.150390625 0.330078125 0.158203125 0.337890625 0.162109375 0.349609375 0.162109375 0.359375 0.1640625 0.361328125 0.162109375 0.380859375 0.12890625 0.41015625 0.125 0.41015625 0.095703125 0.43359375 0.087890625 0.427734375 0.08203125 0.41015625 0.080078125 0.38671875 0.083984375 0.376953125 0.1171875 0.34375 0.123046875 0.33984375 0.126953125 0.33984375 0.138671875 0.330078125 0.1484375 0.330078125
3 0.27734375 0.6328125 0.28515625 0.640625 0.29296875 0.65625 0.291015625 0.689453125 0.265625 0.71484375 0.2578125 0.73046875 0.244140625 0.748046875 0.240234375 0.759765625 0.228515625 0.76953125 0.21875 0.76953125 0.2109375 0.759765625 0.208984375 0.74609375 0.20703125 0.744140625 0.208984375 0.71875 0.21484375 0.7109375 0.21484375 0.70703125 0.2265625 0.693359375 0.2265625 0.689453125 0.23828125 0.677734375 0.255859375 0.650390625 0.275390625 0.6328125
3 0.064453125 0.818359375 0.068359375 0.826171875 0.068359375 0.833984375 0.072265625 0.83984375 0.072265625 0.86328125 0.068359375 0.875 0.060546875 0.884765625 0.056640625 0.884765625 0.046875 0.89453125 0.033203125 0.9140625 0.017578125 0.9296875 0.009765625 0.943359375 0.009765625 0.94921875 0.001953125 0.9609375 0 0.9609375 0 0.865234375 0.01171875 0.85546875 0.01953125 0.83984375 0.046875 0.8125 0.056640625 0.8125 0.0625 0.818359375
3 0.337890625 0.783203125 0.345703125 0.791015625 0.3515625 0.806640625 0.3515625 0.828125 0.349609375 0.833984375 0.333984375 0.857421875 0.33203125 0.865234375 0.3203125 0.876953125 0.306640625 0.900390625 0.29296875 0.916015625 0.287109375 0.916015625 0.283203125 0.912109375 0.2734375 0.888671875 0.271484375 0.873046875 0.287109375 0.841796875 0.3046875 0.818359375 0.310546875 0.80078125 0.314453125 0.80078125 0.326171875 0.787109375 0.3359375 0.783203125
3 0.251953125 0.56640625 0.263671875 0.587890625 0.263671875 0.615234375 0.2578125 0.623046875 0.24609375 0.626953125 0.23046875 0.642578125 0.212890625 0.669921875 0.212890625 0.681640625 0.2109375 0.685546875 0.20703125 0.689453125 0.197265625 0.6875 0.193359375 0.69140625 0.185546875 0.689453125 0.1796875 0.677734375 0.1796875 0.671875 0.17578125 0.6640625 0.17578125 0.6484375 0.1875 0.62890625 0.220703125 0.5859375 0.228515625 0.58203125 0.2421875 0.564453125 0.248046875 0.564453125 0.25 0.56640625
3 0 0.666015625 0.005859375 0.666015625 0.0078125 0.6640625 0.013671875 0.666015625 0.0234375 0.677734375 0.02734375 0.6875 0.02734375 0.72265625 0.025390625 0.7265625 0.01953125 0.732421875 0 0.740234375 0 0.66796875
3 0.130859375 0.412109375 0.146484375 0.400390625 0.162109375 0.384765625 0.16796875 0.384765625 0.17578125 0.392578125 0.181640625 0.40234375 0.181640625 0.41015625 0.18359375 0.412109375 0.181640625 0.4296875 0.154296875 0.45703125 0.142578125 0.478515625 0.123046875 0.49609375 0.115234375 0.4921875 0.109375 0.48046875 0.109375 0.47265625 0.10546875 0.466796875 0.10546875 0.44921875 0.109375 0.4453125 0.11328125 0.435546875 0.12109375 0.427734375 0.123046875 0.421875 0.130859375 0.4140625
3 0 0.615234375 0.001953125 0.615234375 0.001953125 0.626953125 0.00390625 0.62890625 0.00390625 0.6484375 0.001953125 0.650390625 0.001953125 0.658203125 0 0.658203125 0 0.6171875