1 0.556967806640625 1 0.61171031640625 0.9873616953125 0.61175593359375 0.986395572265625 0.606218953125 0.964739716796875 0.590425193359375 0.935895919921875 0.575222501953125 0.921249517578125 0.557104150390625 0.9149209765625 0.539367416015625 0.92188259375 0.528525919921875 0.93776381640625 0.5225391015625 0.9630357421875 0.52315714453125 0.982004865234375 0.526869953125 1 0.556967806640625 1
4 0.345703125 0.794921875 0.34375 0.791015625 0.345703125 0.78125 0.353515625 0.775390625 0.359375 0.78125 0.359375 0.78515625 0.353515625 0.796875 0.34765625 0.794921875
4 0.931640625 0.69921875 0.9375 0.70703125 0.9453125 0.7109375 0.951171875 0.72265625 0.94921875 0.724609375 0.94140625 0.72265625 0.939453125 0.71875 0.935546875 0.71875 0.921875 0.70703125 0.921875 0.701171875 0.923828125 0.69921875 0.9296875 0.69921875
4 0.9453125 0.740234375 0.953125 0.7421875 0.958984375 0.748046875 0.958984375 0.7578125 0.95703125 0.759765625 0.951171875 0.759765625 0.9453125 0.75390625 0.943359375 0.748046875 0.9453125 0.7421875
4 0.318359375 0.5234375 0.322265625 0.525390625 0.322265625 0.53125 0.32421875 0.533203125 0.322265625 0.54296875 0.318359375 0.546875 0.314453125 0.546875 0.30859375 0.54296875 0.306640625 0.533203125 0.310546875 0.52734375 0.31640625 0.525390625
4 0.92578125 0.724609375 0.931640625 0.7265625 0.94140625 0.734375 0.94140625 0.73828125 0.9453125 0.740234375 0.943359375 0.74609375 0.939453125 0.75 0.935546875 0.748046875 0.923828125 0.736328125 0.921875 0.732421875 0.923828125 0.7265625
4 0.30078125 0.673828125 0.30859375 0.67578125 0.314453125 0.6875 0.314453125 0.693359375 0.3046875 0.6953125 0.298828125 0.689453125 0.296875 0.68359375 0.30078125 0.67578125
4 0.923828125 0.8203125 0.92578125 0.822265625 0.92578125 0.828125 0.939453125 0.83984375 0.943359375 0.845703125 0.943359375 0.849609375 0.9375 0.849609375 0.927734375 0.84375 0.921875 0.8359375 0.921875 0.822265625
4 0.4296875 0.7109375 0.43359375 0.7109375 0.439453125 0.720703125 0.4375 0.72265625 0.439453125 0.73046875 0.43359375 0.734375 0.427734375 0.720703125 0.4296875 0.712890625
4 0.072265625 0.623046875 0.068359375 0.638671875 0.060546875 0.630859375 0.060546875 0.62109375 0.0625 0.619140625 0.068359375 0.619140625 0.0703125 0.623046875
4 0.3359375 0.6171875 0.33984375 0.619140625 0.33984375 0.630859375 0.3359375 0.634765625 0.330078125 0.634765625 0.328125 0.6328125 0.326171875 0.625 0.333984375 0.619140625
4 0.333984375 0.646484375 0.333984375 0.65625 0.328125 0.6640625 0.322265625 0.6640625 0.3203125 0.662109375 0.322265625 0.658203125 0.3203125 0.65234375 0.32421875 0.64453125 0.330078125 0.64453125 0.33203125 0.646484375
4 0.92578125 0.724609375 0.9375 0.73046875 0.9453125 0.740234375 0.953125 0.7421875 0.958984375 0.748046875 0.958984375 0.7578125 0.95703125 0.759765625 0.951171875 0.759765625 0.943359375 0.751953125 0.935546875 0.75 0.93359375 0.744140625 0.923828125 0.736328125 0.921875 0.732421875 0.923828125 0.7265625