4 0.134765625 0.634765625 0.150390625 0.658203125 0.14453125 0.66796875 0.138671875 0.666015625 0.130859375 0.658203125 0.126953125 0.650390625 0.126953125 0.638671875 0.1328125 0.634765625
4 0.14453125 0.666015625 0.14453125 0.677734375 0.150390625 0.681640625 0.158203125 0.681640625 0.16015625 0.68359375 0.158203125 0.6875 0.140625 0.697265625 0.1328125 0.69140625 0.12890625 0.673828125 0.1328125 0.669921875 0.140625 0.669921875 0.142578125 0.66796875
3 0.537109375 0 0.57421875 0 0.583984375 0.01953125 0.583984375 0.02734375 0.5859375 0.029296875 0.5859375 0.048828125 0.578125 0.060546875 0.5703125 0.0625 0.5546875 0.048828125 0.55078125 0.037109375 0.544921875 0.03125 0.54296875 0.015625 0.537109375 0.001953125
3 0.484375 0 0.5234375 0 0.533203125 0.02734375 0.541015625 0.041015625 0.54296875 0.060546875 0.544921875 0.0625 0.544921875 0.0703125 0.541015625 0.08203125 0.533203125 0.08984375 0.521484375 0.087890625 0.513671875 0.07421875 0.5078125 0.0703125 0.498046875 0.05078125 0.49609375 0.0390625 0.486328125 0.01953125 0.484375 0.001953125
3 0.3828125 0.1474609375 0.060546875 0.1357421875
3 0.4287109375 0.099609375 0.0537109375 0.11328125
3 0.279296875 0.1328125 0.28515625 0.13671875 0.29296875 0.150390625 0.302734375 0.1875 0.306640625 0.19140625 0.306640625 0.1953125 0.310546875 0.19921875 0.310546875 0.203125 0.322265625 0.224609375 0.322265625 0.248046875 0.3203125 0.25 0.3203125 0.255859375 0.318359375 0.26171875 0.310546875 0.267578125 0.306640625 0.267578125 0.2890625 0.25 0.287109375 0.24609375 0.287109375 0.232421875 0.28125 0.224609375 0.275390625 0.201171875 0.265625 0.1875 0.259765625 0.171875 0.259765625 0.162109375 0.2578125 0.16015625 0.259765625 0.146484375 0.271484375 0.134765625 0.27734375 0.1328125
3 0.216796875 0.203125 0.224609375 0.197265625 0.236328125 0.1953125 0.244140625 0.205078125 0.244140625 0.208984375 0.248046875 0.21484375 0.25 0.234375 0.251953125 0.236328125 0.251953125 0.259765625 0.259765625 0.26953125 0.26171875 0.275390625 0.26171875 0.30859375 0.263671875 0.310546875 0.263671875 0.314453125 0.259765625 0.3203125 0.2421875 0.3203125 0.23828125 0.318359375 0.23828125 0.314453125 0.234375 0.310546875 0.2265625 0.3125 0.224609375 0.30859375 0.220703125 0.30859375 0.21484375 0.3046875 0.220703125 0.296875 0.21875 0.2890625 0.22265625 0.287109375 0.22265625 0.283203125 0.21484375 0.27734375 0.208984375 0.263671875 0.208984375 0.216796875 0.216796875 0.205078125
3 0.310546875 0.138671875 0.3125 0.13671875 0.3125 0.125 0.318359375 0.115234375 0.328125 0.109375 0.333984375 0.109375 0.33984375 0.115234375 0.34765625 0.1328125 0.349609375 0.150390625 0.353515625 0.15625 0.357421875 0.177734375 0.3671875 0.201171875 0.3671875 0.220703125 0.36328125 0.228515625 0.349609375 0.2421875 0.345703125 0.244140625 0.341796875 0.2421875 0.333984375 0.228515625 0.328125 0.203125 0.3203125 0.185546875 0.3203125 0.173828125 0.3125 0.154296875 0.3125 0.140625
3 0.46484375 0.015625 0.47265625 0.021484375 0.478515625 0.033203125 0.48046875 0.044921875 0.490234375 0.0703125 0.490234375 0.080078125 0.4921875 0.08203125 0.48828125 0.091796875 0.482421875 0.095703125 0.474609375 0.095703125 0.47265625 0.09375 0.466796875 0.076171875 0.44921875 0.0546875 0.443359375 0.05078125 0.443359375 0.03125 0.4453125 0.025390625 0.453125 0.017578125 0.462890625 0.015625
3 0.587890625 0 0.625 0 0.625 0.0078125 0.62109375 0.017578125 0.607421875 0.02734375 0.59765625 0.025390625 0.587890625 0.001953125