4 0.255859375 0.734375 0.259765625 0.736328125 0.265625 0.748046875 0.263671875 0.76171875 0.255859375 0.76171875 0.248046875 0.75390625 0.25 0.75 0.248046875 0.748046875 0.25390625 0.736328125
4 0.125 0.55859375 0.138671875 0.5703125 0.134765625 0.58203125 0.130859375 0.583984375 0.12109375 0.578125 0.12109375 0.57421875 0.1171875 0.568359375 0.119140625 0.560546875 0.123046875 0.55859375
4 0.8125 0.59765625 0.0234375 0.037109375
4 0.123046875 0.244140625 0.130859375 0.248046875 0.134765625 0.25390625 0.134765625 0.2578125 0.140625 0.263671875 0.140625 0.271484375 0.12890625 0.267578125 0.119140625 0.259765625 0.115234375 0.25 0.12109375 0.244140625
4 0.296875 0.73828125 0.30078125 0.744140625 0.296875 0.75 0.296875 0.759765625 0.291015625 0.765625 0.287109375 0.765625 0.283203125 0.763671875 0.283203125 0.759765625 0.279296875 0.755859375 0.28125 0.748046875 0.291015625 0.740234375 0.294921875 0.740234375
4 0.26171875 0.693359375 0.263671875 0.6953125 0.263671875 0.701171875 0.267578125 0.703125 0.265625 0.70703125 0.267578125 0.712890625 0.265625 0.720703125 0.271484375 0.7265625 0.267578125 0.72265625 0.259765625 0.720703125 0.251953125 0.712890625 0.251953125 0.70703125 0.248046875 0.703125 0.248046875 0.697265625 0.25 0.6953125 0.25390625 0.69921875 0.259765625 0.6953125
4 0.3046875 0.720703125 0.306640625 0.720703125 0.306640625 0.73046875 0.30859375 0.732421875 0.30078125 0.740234375 0.302734375 0.744140625 0.298828125 0.748046875 0.296875 0.759765625 0.291015625 0.765625 0.287109375 0.765625 0.28125 0.755859375 0.28125 0.748046875 0.294921875 0.736328125 0.294921875 0.73046875 0.298828125 0.7265625 0.302734375 0.7265625 0.3046875 0.72265625
4 0.26171875 0.693359375 0.267578125 0.703125 0.267578125 0.70703125 0.27734375 0.716796875 0.275390625 0.7265625 0.271484375 0.73046875 0.2578125 0.720703125 0.255859375 0.71484375 0.251953125 0.712890625 0.251953125 0.703125 0.248046875 0.697265625 0.25 0.6953125 0.255859375 0.69921875 0.259765625 0.6953125
4 0.103515625 0.5234375 0.107421875 0.5234375 0.115234375 0.529296875 0.12109375 0.52734375 0.12109375 0.5390625 0.119140625 0.54296875 0.1171875 0.544921875 0.111328125 0.544921875 0.107421875 0.537109375 0.103515625 0.53515625 0.103515625 0.525390625
4 0.251953125 0.6611328125 0.01953125 0.03515625
4 0.19140625 0.34375 0.197265625 0.341796875 0.203125 0.345703125 0.2109375 0.359375 0.2109375 0.36328125 0.205078125 0.365234375 0.197265625 0.357421875 0.19140625 0.35546875 0.19140625 0.349609375 0.189453125 0.34765625 0.19140625 0.345703125
4 0.291015625 0.58203125 0.01953125 0.03125
4 0.078125 0.37109375 0.091796875 0.3828125 0.095703125 0.390625 0.09375 0.41015625 0.08984375 0.40234375 0.078125 0.390625 0.078125 0.38671875 0.07421875 0.380859375 0.076171875 0.373046875
4 0.2578125 0.6015625 0.263671875 0.61328125 0.263671875 0.619140625 0.25390625 0.634765625 0.248046875 0.630859375 0.25 0.626953125 0.248046875 0.623046875 0.248046875 0.611328125 0.25 0.609375 0.25 0.6015625 0.251953125 0.599609375 0.255859375 0.6015625
4 0.275390625 0.666015625 0.279296875 0.66796875 0.28125 0.67578125 0.28515625 0.6796875 0.28515625 0.6875 0.287109375 0.689453125 0.283203125 0.6953125 0.283203125 0.69921875 0.279296875 0.703125 0.2734375 0.69921875 0.26953125 0.689453125 0.26953125 0.68359375 0.271484375 0.681640625 0.271484375 0.673828125 0.275390625 0.66796875
4 0.30078125 0.6171875 0.306640625 0.62109375 0.306640625 0.626953125 0.310546875 0.630859375 0.310546875 0.640625 0.314453125 0.642578125 0.3203125 0.6640625 0.3203125 0.671875 0.318359375 0.673828125 0.3203125 0.6796875 0.31640625 0.689453125 0.3125 0.69140625 0.30859375 0.685546875 0.310546875 0.67578125 0.30859375 0.673828125 0.3046875 0.642578125 0.30078125 0.630859375 0.30078125 0.619140625
4 0.23828125 0.759765625 0.2421875 0.76171875 0.2421875 0.767578125 0.240234375 0.76953125 0.2421875 0.771484375 0.2421875 0.77734375 0.23828125 0.783203125 0.23828125 0.787109375 0.232421875 0.79296875 0.228515625 0.79296875 0.2265625 0.779296875 0.240234375 0.76171875
4 0.150390625 0.59765625 0.15625 0.6015625 0.15625 0.60546875 0.162109375 0.61328125 0.162109375 0.6171875 0.158203125 0.62109375 0.15234375 0.62109375 0.146484375 0.615234375 0.142578125 0.603515625 0.1484375 0.59765625
4 0.208984375 0.537109375 0.21484375 0.53515625 0.22265625 0.5390625 0.22265625 0.546875 0.2265625 0.55859375 0.220703125 0.5625 0.212890625 0.556640625 0.212890625 0.552734375 0.20703125 0.544921875 0.208984375 0.5390625
4 0.064453125 0.4765625 0.076171875 0.484375 0.08203125 0.505859375 0.07421875 0.498046875 0.068359375 0.501953125 0.056640625 0.4921875 0.056640625 0.484375 0.0546875 0.482421875 0.0625 0.478515625