0 0.12109375 0.18359375 0.123046875 0.185546875 0.12890625 0.185546875 0.134765625 0.19140625 0.140625 0.193359375 0.14453125 0.205078125 0.13671875 0.201171875 0.125 0.19921875 0.119140625 0.1953125 0.1171875 0.193359375 0.1171875 0.185546875 0.119140625 0.185546875
0 0.115234375 0.380859375 0.119140625 0.37890625 0.126953125 0.380859375 0.126953125 0.388671875 0.12890625 0.390625 0.130859375 0.38671875 0.13671875 0.38671875 0.140625 0.390625 0.134765625 0.400390625 0.134765625 0.404296875 0.130859375 0.404296875 0.125 0.41015625 0.12109375 0.412109375 0.119140625 0.41015625 0.1171875 0.412109375 0.111328125 0.408203125 0.111328125 0.400390625 0.109375 0.3984375 0.111328125 0.38671875 0.115234375 0.3828125
0 0.689453125 0.96484375 0.68359375 0.947265625 0.685546875 0.94140625 0.681640625 0.93359375 0.68359375 0.9296875 0.689453125 0.93359375 0.6953125 0.947265625 0.697265625 0.958984375 0.69140625 0.96484375
0 0.2734375 0.3125 0.27734375 0.314453125 0.27734375 0.318359375 0.287109375 0.33203125 0.287109375 0.33984375 0.2890625 0.341796875 0.287109375 0.345703125 0.283203125 0.34765625 0.283203125 0.34375 0.271484375 0.33203125 0.271484375 0.328125 0.267578125 0.322265625 0.267578125 0.318359375 0.271484375 0.314453125
0 0.30859375 0.513671875 0.314453125 0.515625 0.322265625 0.5234375 0.322265625 0.537109375 0.314453125 0.546875 0.30859375 0.54296875 0.3046875 0.533203125 0.3046875 0.51953125 0.30859375 0.515625
0 0.318359375 0.46875 0.322265625 0.47265625 0.318359375 0.478515625 0.3203125 0.482421875 0.31640625 0.490234375 0.318359375 0.4921875 0.31640625 0.49609375 0.296875 0.5 0.2890625 0.490234375 0.2890625 0.48828125 0.294921875 0.486328125 0.298828125 0.47265625 0.3046875 0.47265625 0.306640625 0.474609375 0.31640625 0.470703125
0 0.5546875 0.78125 0.55859375 0.78125 0.55859375 0.78515625 0.5625 0.791015625 0.560546875 0.79296875 0.5625 0.796875 0.5625 0.810546875 0.556640625 0.810546875 0.552734375 0.8046875 0.5546875 0.783203125
0 0.298828125 0.5625 0.306640625 0.556640625 0.3125 0.57421875 0.310546875 0.580078125 0.3046875 0.5859375 0.30078125 0.5859375 0.294921875 0.576171875 0.298828125 0.564453125
0 0.05078125 0.416015625 0.05078125 0.421875 0.048828125 0.423828125 0.048828125 0.435546875 0.05078125 0.4375 0.048828125 0.439453125 0.048828125 0.447265625 0.03125 0.4375 0.02734375 0.43359375 0.0234375 0.421875 0.0234375 0.416015625 0.02734375 0.412109375 0.048828125 0.416015625
0 0.205078125 0.353515625 0.216796875 0.36328125 0.224609375 0.375 0.224609375 0.384765625 0.22265625 0.384765625 0.220703125 0.37890625 0.216796875 0.380859375 0.216796875 0.38671875 0.212890625 0.384765625 0.212890625 0.380859375 0.208984375 0.37890625 0.208984375 0.373046875 0.201171875 0.3671875 0.201171875 0.361328125 0.19921875 0.359375 0.203125 0.35546875
0 0.275390625 0.4375 0.283203125 0.4453125 0.287109375 0.455078125 0.28515625 0.47265625 0.279296875 0.47265625 0.2734375 0.46484375 0.2734375 0.45703125 0.271484375 0.455078125 0.275390625 0.44921875 0.2734375 0.439453125
0 0.30078125 0.357421875 0.306640625 0.359375 0.314453125 0.369140625 0.33203125 0.380859375 0.333984375 0.396484375 0.3359375 0.3984375 0.3359375 0.40234375 0.330078125 0.41015625 0.3203125 0.404296875 0.31640625 0.390625 0.3125 0.38671875 0.3125 0.380859375 0.298828125 0.37109375 0.30078125 0.359375
0 0.1796875 0.423828125 0.189453125 0.4296875 0.197265625 0.421875 0.197265625 0.4296875 0.19921875 0.431640625 0.19921875 0.4453125 0.19140625 0.447265625 0.189453125 0.443359375 0.17578125 0.439453125 0.17578125 0.4296875 0.1796875 0.42578125
0 0.6015625 0.806640625 0.60546875 0.80859375 0.609375 0.822265625 0.607421875 0.837890625 0.603515625 0.83984375 0.603515625 0.8359375 0.599609375 0.83203125 0.599609375 0.826171875 0.6015625 0.82421875 0.599609375 0.822265625 0.6015625 0.81640625 0.599609375 0.810546875 0.6015625 0.80859375
0 0.130859375 0.439453125 0.1484375 0.44921875 0.15625 0.466796875 0.15234375 0.470703125 0.146484375 0.4609375 0.142578125 0.462890625 0.134765625 0.458984375 0.1328125 0.4609375 0.126953125 0.45703125 0.125 0.455078125 0.125 0.4453125 0.130859375 0.44140625
0 0.08203125 0.498046875 0.08984375 0.498046875 0.091796875 0.5 0.095703125 0.498046875 0.09765625 0.51171875 0.109375 0.5234375 0.107421875 0.52734375 0.103515625 0.5234375 0.09765625 0.5234375 0.095703125 0.525390625 0.0859375 0.521484375 0.080078125 0.50390625 0.08203125 0.5
0 0.25390625 0.384765625 0.2578125 0.380859375 0.265625 0.384765625 0.2734375 0.39453125 0.271484375 0.3984375 0.2734375 0.404296875 0.26953125 0.408203125 0.265625 0.408203125 0.25390625 0.392578125 0.255859375 0.38671875
0 0.298828125 0.431640625 0.3046875 0.431640625 0.310546875 0.435546875 0.314453125 0.44140625 0.314453125 0.44921875 0.31640625 0.451171875 0.31640625 0.45703125 0.314453125 0.458984375 0.31640625 0.466796875 0.3125 0.46875 0.306640625 0.466796875 0.302734375 0.4609375 0.298828125 0.43359375
0 0.041015625 0.162109375 0.048828125 0.169921875 0.056640625 0.173828125 0.060546875 0.1796875 0.05859375 0.185546875 0.052734375 0.1796875 0.048828125 0.185546875 0.046875 0.181640625 0.03515625 0.1796875 0.03125 0.17578125 0.03125 0.171875 0.02734375 0.169921875 0.02734375 0.1640625 0.029296875 0.162109375 0.0390625 0.162109375
0 0.259765625 0.380859375 0.2734375 0.39453125 0.271484375 0.400390625 0.2734375 0.404296875 0.271484375 0.423828125 0.26953125 0.42578125 0.263671875 0.419921875 0.259765625 0.3984375 0.255859375 0.39453125 0.255859375 0.3828125 0.2578125 0.3828125
0 0.33984375 0.45703125 0.34375 0.458984375 0.34375 0.474609375 0.341796875 0.478515625 0.34375 0.48046875 0.34765625 0.50390625 0.34375 0.5078125 0.345703125 0.51171875 0.341796875 0.515625 0.3359375 0.513671875 0.330078125 0.5078125 0.330078125 0.498046875 0.333984375 0.494140625 0.333984375 0.484375 0.3359375 0.482421875 0.333984375 0.4765625 0.33984375 0.466796875 0.33984375 0.458984375