0 0.32421875 0.890625 0.326171875 0.890625 0.326171875 0.89453125 0.32421875 0.896484375 0.3203125 0.91796875 0.3125 0.92578125 0.3046875 0.919921875 0.306640625 0.908203125 0.32421875 0.892578125
0 0.037109375 0.2646484375 0.0234375 0.0234375
0 0.76953125 0.2431640625 0.0234375 0.029296875
0 0.748046875 0.3984375 0.7578125 0.388671875 0.763671875 0.388671875 0.76953125 0.3984375 0.763671875 0.404296875 0.759765625 0.400390625 0.75390625 0.41015625 0.75 0.41015625 0.748046875 0.400390625
0 0.150390625 0.279296875 0.154296875 0.287109375 0.15625 0.298828125 0.14453125 0.306640625 0.140625 0.3046875 0.138671875 0.298828125 0.140625 0.296875 0.142578125 0.283203125 0.1484375 0.279296875
0 0.70703125 0.484375 0.708984375 0.486328125 0.7109375 0.484375 0.71875 0.486328125 0.716796875 0.49609375 0.712890625 0.5 0.705078125 0.501953125 0.69921875 0.49609375 0.701171875 0.48828125 0.705078125 0.486328125
0 0.130859375 0.3037109375 0.025390625 0.025390625
0 1.0048828125 0.400390625 0.017578125 0.02734375
0 0.751953125 0.3203125 0.75390625 0.32421875 0.751953125 0.328125 0.73828125 0.337890625 0.734375 0.3359375 0.736328125 0.32421875 0.7421875 0.318359375 0.748046875 0.318359375 0.75 0.3203125
0 0.1328125 0.265625 0.140625 0.263671875 0.1484375 0.25390625 0.154296875 0.25390625 0.1640625 0.26953125 0.162109375 0.2734375 0.158203125 0.271484375 0.142578125 0.28125 0.13671875 0.28125 0.130859375 0.279296875 0.12890625 0.275390625 0.1328125 0.267578125
0 0.65625 0.42578125 0.65234375 0.41796875 0.654296875 0.404296875 0.662109375 0.3984375 0.666015625 0.400390625 0.666015625 0.408203125 0.662109375 0.412109375 0.662109375 0.41796875 0.65625 0.423828125
0 0.705078125 0.33984375 0.708984375 0.34375 0.70703125 0.345703125 0.708984375 0.3515625 0.701171875 0.36328125 0.69921875 0.365234375 0.69140625 0.365234375 0.6875 0.359375 0.689453125 0.3515625 0.705078125 0.341796875
3 0.52274101953125 0.6320475 0.514999369140625 0.605625521484375 0.50669155078125 0.594737111328125 0.496196162109375 0.588201634765625 0.48305327734375 0.5878637578125 0.464786416015625 0.597024708984375 0.44785204296875 0.61631459375 0.435475470703125 0.64163921875 0.428924416015625 0.6723349921875 0.429637607421875 0.7048419453125 0.437721287109375 0.725471177734375 0.450469017578125 0.738446251953125 0.4675329375 0.740741421875 0.484302119140625 0.733166400390625 0.502044279296875 0.71505758984375 0.51419088671875 0.690655298828125 0.521779693359375 0.660218265625 0.52274101953125 0.6320475