1 0.4828950859375 0.6204486171875 0.4976670390625 0.6183725546875 0.511071873046875 0.60656890625 0.521878650390625 0.58421869921875 0.5259836640625 0.557850501953125 0.5221565 0.5187094921875 0.5140881328125 0.4970280703125 0.49959142578125 0.47327417578125 0.481674568359375 0.46091264453125 0.46143177734375 0.4597896953125 0.4458385078125 0.471900908203125 0.434073962890625 0.499345578125 0.430926197265625 0.528555158203125 0.43461716796875 0.5587875625 0.44391620703125 0.585255884765625 0.459370421875 0.60788323828125 0.4828950859375 0.6204486171875
4 0.9296875 0.853515625 0.939453125 0.857421875 0.9453125 0.869140625 0.943359375 0.876953125 0.9375 0.876953125 0.9296875 0.869140625 0.9296875 0.85546875
4 0.373046875 0.814453125 0.376953125 0.82421875 0.376953125 0.837890625 0.37890625 0.83984375 0.376953125 0.853515625 0.375 0.85546875 0.37109375 0.853515625 0.3671875 0.845703125 0.369140625 0.84375 0.3671875 0.837890625 0.37109375 0.833984375 0.37109375 0.826171875 0.369140625 0.82421875 0.37109375 0.822265625 0.37109375 0.81640625
4 0.50390625 0.337890625 0.5078125 0.337890625 0.515625 0.345703125 0.515625 0.3515625 0.5078125 0.357421875 0.50390625 0.3515625 0.50390625 0.341796875 0.505859375 0.33984375
4 0.30078125 0.859375 0.294921875 0.875 0.294921875 0.892578125 0.291015625 0.896484375 0.2890625 0.896484375 0.28515625 0.88671875 0.28515625 0.876953125 0.2890625 0.873046875 0.287109375 0.87109375 0.291015625 0.861328125 0.2890625 0.85546875 0.29296875 0.8515625 0.298828125 0.859375
4 0.330078125 0.9140625 0.333984375 0.919921875 0.330078125 0.931640625 0.330078125 0.94140625 0.322265625 0.943359375 0.31640625 0.939453125 0.31640625 0.93359375 0.322265625 0.927734375 0.3203125 0.92578125 0.328125 0.916015625
4 0.8984375 0.8359375 0.9140625 0.845703125 0.923828125 0.859375 0.921875 0.8671875 0.91796875 0.869140625 0.908203125 0.865234375 0.904296875 0.857421875 0.904296875 0.8515625 0.8984375 0.84375 0.8984375 0.837890625
4 0.310546875 0.75 0.3125 0.751953125 0.3046875 0.767578125 0.3046875 0.7734375 0.30078125 0.77734375 0.296875 0.77734375 0.294921875 0.765625 0.302734375 0.751953125 0.306640625 0.748046875 0.30859375 0.75
4 0.3828125 0.921875 0.38671875 0.9140625 0.392578125 0.91015625 0.396484375 0.921875 0.39453125 0.9296875 0.390625 0.93359375 0.38671875 0.93359375 0.384765625 0.923828125
4 0.931640625 0.828125 0.9453125 0.841796875 0.943359375 0.8515625 0.9375 0.85546875 0.93359375 0.853515625 0.93359375 0.84765625 0.921875 0.828125 0.921875 0.822265625 0.923828125 0.8203125 0.92578125 0.8203125 0.9296875 0.828125
4 0.32421875 0.99609375 0.3359375 0.998046875 0.32421875 0.998046875
4 0.916015625 0.869140625 0.931640625 0.884765625 0.92578125 0.892578125 0.91796875 0.884765625 0.916015625 0.876953125 0.91015625 0.87109375 0.91015625 0.869140625 0.9140625 0.869140625