0 0.857421875 0.1640625 0.859375 0.154296875 0.869140625 0.146484375 0.875 0.146484375 0.87890625 0.150390625 0.87890625 0.15625 0.875 0.16015625 0.87109375 0.16015625 0.86328125 0.16796875 0.859375 0.1640625
0 0.8828125 0.154296875 0.892578125 0.1484375 0.896484375 0.150390625 0.896484375 0.158203125 0.892578125 0.166015625 0.888671875 0.169921875 0.8828125 0.169921875 0.876953125 0.17578125 0.875 0.17578125 0.875 0.16796875 0.8828125 0.15625
0 0.861328125 0.16015625 0.86328125 0.162109375 0.86328125 0.169921875 0.853515625 0.181640625 0.84765625 0.181640625 0.845703125 0.171875 0.853515625 0.162109375 0.859375 0.16015625
0 0.654296875 0.9296875 0.658203125 0.9296875 0.658203125 0.939453125 0.662109375 0.94921875 0.662109375 0.958984375 0.658203125 0.9609375 0.654296875 0.955078125 0.654296875 0.94921875 0.65234375 0.947265625 0.65234375 0.93359375 0.654296875 0.931640625
0 0.763671875 0.0859375 0.771484375 0.09375 0.767578125 0.10546875 0.767578125 0.125 0.765625 0.12890625 0.765625 0.11328125 0.763671875 0.107421875 0.76171875 0.10546875 0.755859375 0.10546875 0.7578125 0.103515625 0.7578125 0.09375 0.76171875 0.087890625
0 0.814453125 0.08203125 0.818359375 0.087890625 0.818359375 0.103515625 0.8125 0.109375 0.806640625 0.109375 0.80078125 0.099609375 0.8125 0.083984375
0 0.8505859375 0.03125 0.015625 0.02734375
0 0.64453125 0.072265625 0.650390625 0.072265625 0.650390625 0.08203125 0.646484375 0.091796875 0.640625 0.091796875 0.638671875 0.08984375 0.640625 0.078125 0.64453125 0.07421875
0 0.6396484375 0.3876953125 0.05078125 0.0986328125
0 0.82421875 0.322265625 0.826171875 0.314453125 0.8359375 0.3046875 0.841796875 0.3046875 0.841796875 0.318359375 0.8359375 0.322265625 0.83203125 0.3203125 0.826171875 0.322265625
0 0.8837890625 0.134765625 0.01953125 0.0283203125
0 0.8056640625 0.171875 0.021484375 0.02734375
0 0.859375 0.107421875 0.861328125 0.109375 0.861328125 0.123046875 0.85546875 0.140625 0.853515625 0.142578125 0.84765625 0.142578125 0.84375 0.130859375 0.84765625 0.1171875 0.857421875 0.109375
0 0.693359375 0.291015625 0.0205078125 0.0263671875
0 0.62890625 0.16796875 0.630859375 0.169921875 0.630859375 0.17578125 0.626953125 0.177734375 0.623046875 0.193359375 0.619140625 0.1953125 0.6171875 0.189453125 0.62109375 0.181640625 0.62109375 0.17578125 0.626953125 0.169921875
0 0.6640625 0.333984375 0.66796875 0.333984375 0.671875 0.341796875 0.669921875 0.353515625 0.66796875 0.35546875 0.6640625 0.353515625 0.662109375 0.3515625 0.6640625 0.3359375
0 0.7421875 0.33984375 0.7421875 0.345703125 0.734375 0.361328125 0.7265625 0.357421875 0.720703125 0.359375 0.71875 0.349609375 0.728515625 0.349609375 0.740234375 0.33984375
0 0.873046875 0.08203125 0.880859375 0.083984375 0.88671875 0.08984375 0.88671875 0.09765625 0.884765625 0.099609375 0.8671875 0.103515625 0.8671875 0.095703125 0.873046875 0.083984375
0 0.83203125 0.1103515625 0.0224609375 0.0322265625
0 0.875 0.197265625 0.87890625 0.197265625 0.884765625 0.1875 0.892578125 0.1953125 0.888671875 0.20703125 0.884765625 0.2109375 0.880859375 0.2109375 0.875 0.21484375 0.873046875 0.21875 0.873046875 0.2109375 0.875 0.208984375 0.873046875 0.201171875 0.875 0.19921875
0 0.865234375 0.134765625 0.87109375 0.107421875 0.880859375 0.099609375 0.88671875 0.10546875 0.88671875 0.119140625 0.875 0.125 0.8671875 0.134765625
0 0.873046875 0.447265625 0.884765625 0.44921875 0.884765625 0.45703125 0.876953125 0.466796875 0.873046875 0.462890625 0.8671875 0.462890625 0.859375 0.46875 0.857421875 0.466796875 0.857421875 0.462890625 0.86328125 0.458984375 0.86328125 0.451171875 0.87109375 0.451171875 0.873046875 0.44921875
0 0.76171875 0.236328125 0.763671875 0.240234375 0.76171875 0.2421875 0.76171875 0.248046875 0.755859375 0.255859375 0.748046875 0.26171875 0.74609375 0.259765625 0.748046875 0.23828125 0.75390625 0.2421875 0.759765625 0.23828125
0 0.787109375 0.44140625 0.796875 0.439453125 0.80078125 0.4453125 0.80078125 0.44921875 0.79296875 0.45703125 0.783203125 0.45703125 0.78125 0.451171875 0.78515625 0.44921875 0.787109375 0.443359375
0 0.87890625 0.0361328125 0.017578125 0.0322265625
0 0.92578125 0.0234375 0.935546875 0.0234375 0.9375 0.025390625 0.9375 0.033203125 0.93359375 0.041015625 0.919921875 0.052734375 0.90625 0.056640625 0.912109375 0.041015625 0.92578125 0.025390625
0 0.712890625 0.150390625 0.716796875 0.150390625 0.720703125 0.154296875 0.720703125 0.158203125 0.716796875 0.162109375 0.716796875 0.169921875 0.708984375 0.173828125 0.70703125 0.171875 0.70703125 0.162109375 0.712890625 0.15234375
0 0.650390625 0.912109375 0.654296875 0.92578125 0.6484375 0.931640625 0.642578125 0.931640625 0.638671875 0.923828125 0.638671875 0.912109375 0.640625 0.908203125 0.64453125 0.90625 0.6484375 0.912109375
0 0.666015625 0.84375 0.66796875 0.849609375 0.67578125 0.857421875 0.67578125 0.8671875 0.671875 0.8671875 0.666015625 0.86328125 0.66015625 0.85546875 0.6640625 0.845703125