1 0.532007712890625 0.605026158203125 0.543308021484375 0.57878402734375 0.547552435546875 0.54983369140625 0.5453155390625 0.518145037109375 0.53629086328125 0.488864111328125 0.5188082734375 0.4631044296875 0.500459896484375 0.45380606640625 0.479989310546875 0.458982869140625 0.464130677734375 0.4752039296875 0.454033162109375 0.50240901953125 0.450095220703125 0.5262133125 0.453963892578125 0.5670504140625 0.46340228515625 0.593231671875 0.478893001953125 0.613965759765625 0.4949430390625 0.623384576171875 0.510456845703125 0.62257153125 0.532007712890625 0.605026158203125
4 0.087890625 0.9765625 0.0859375 0.962890625 0.087890625 0.95703125 0.095703125 0.951171875 0.099609375 0.953125 0.099609375 0.966796875 0.095703125 0.974609375 0.08984375 0.9765625
4 0.666015625 0.841796875 0.66015625 0.83203125 0.658203125 0.798828125 0.66015625 0.796875 0.662109375 0.80078125 0.662109375 0.80859375 0.666015625 0.8125 0.666015625 0.818359375 0.671875 0.83203125 0.66796875 0.83984375
4 0.4296875 0.359375 0.419921875 0.3515625 0.419921875 0.34765625 0.42578125 0.33984375 0.427734375 0.337890625 0.431640625 0.33984375 0.431640625 0.357421875
4 0.74609375 0.826171875 0.75 0.82421875 0.75390625 0.826171875 0.755859375 0.83984375 0.763671875 0.849609375 0.76171875 0.865234375 0.7578125 0.865234375 0.75390625 0.861328125 0.75390625 0.849609375 0.744140625 0.8359375 0.744140625 0.830078125 0.74609375 0.828125
4 0.72265625 0.892578125 0.734375 0.90234375 0.7421875 0.9140625 0.734375 0.921875 0.7265625 0.919921875 0.7265625 0.912109375 0.720703125 0.90234375 0.72265625 0.89453125
4 0.107421875 0.962890625 0.10546875 0.95703125 0.109375 0.943359375 0.125 0.92578125 0.126953125 0.92578125 0.125 0.953125 0.119140625 0.958984375 0.119140625 0.962890625 0.115234375 0.96484375 0.109375 0.962890625
4 0.7109375 0.71875 0.716796875 0.71875 0.7265625 0.728515625 0.732421875 0.744140625 0.728515625 0.748046875 0.720703125 0.7421875 0.71484375 0.73046875 0.708984375 0.724609375 0.7109375 0.720703125
4 0.6650390625 0.9150390625 0.015625 0.02734375
4 0.095703125 0.916015625 0.099609375 0.916015625 0.1015625 0.921875 0.095703125 0.931640625 0.095703125 0.947265625 0.09375 0.951171875 0.08984375 0.953125 0.083984375 0.951171875 0.080078125 0.939453125 0.095703125 0.91796875
4 0.7431640625 0.9921875 0.01953125 0.02734375
4 0.119140625 0.962890625 0.1171875 0.978515625 0.11328125 0.986328125 0.107421875 0.98828125 0.103515625 0.984375 0.10546875 0.978515625 0.103515625 0.9765625 0.11328125 0.96484375 0.1171875 0.96484375