1 0.5305813125 1 0.55965879296875 0.996429734375 0.55773818359375 0.98333366796875 0.544846625 0.952539109375 0.53104314453125 0.9361406875 0.513409619140625 0.927830755859375 0.494748982421875 0.932978828125 0.482106966796875 0.947862958984375 0.47337177734375 0.97274244921875 0.47197989453125 0.99195890625 0.47277637109375 1 0.5305813125 1
4 0.32421875 0.765625 0.326171875 0.779296875 0.318359375 0.787109375 0.3125 0.78515625 0.3125 0.77734375 0.310546875 0.775390625 0.31640625 0.767578125 0.322265625 0.765625
4 0.912109375 0.748046875 0.916015625 0.75 0.919921875 0.7578125 0.931640625 0.771484375 0.9296875 0.77734375 0.92578125 0.77734375 0.921875 0.771484375 0.9140625 0.76953125 0.908203125 0.76171875 0.904296875 0.755859375 0.904296875 0.75 0.91015625 0.748046875
4 0.9296875 0.79296875 0.9375 0.802734375 0.935546875 0.8125 0.92578125 0.8125 0.923828125 0.80859375 0.921875 0.80078125 0.923828125 0.794921875 0.927734375 0.79296875
4 0.31640625 0.509765625 0.318359375 0.521484375 0.314453125 0.529296875 0.3046875 0.529296875 0.30078125 0.51953125 0.302734375 0.51171875 0.314453125 0.509765625
4 0.90625 0.775390625 0.912109375 0.77734375 0.921875 0.787109375 0.921875 0.798828125 0.91796875 0.802734375 0.9140625 0.80078125 0.90625 0.7890625 0.90234375 0.787109375 0.90234375 0.77734375 0.904296875 0.77734375
4 0.279296875 0.658203125 0.28515625 0.658203125 0.287109375 0.66015625 0.291015625 0.671875 0.291015625 0.6796875 0.283203125 0.6796875 0.27734375 0.673828125 0.27734375 0.66796875 0.275390625 0.666015625 0.279296875 0.66015625
4 0.892578125 0.873046875 0.896484375 0.875 0.896484375 0.880859375 0.90625 0.890625 0.91015625 0.900390625 0.91015625 0.904296875 0.900390625 0.896484375 0.89453125 0.89453125 0.890625 0.884765625 0.890625 0.876953125 0.892578125 0.875
4 0.40625 0.708984375 0.412109375 0.708984375 0.4140625 0.712890625 0.4140625 0.7265625 0.408203125 0.732421875 0.404296875 0.720703125 0.40625 0.7109375
4 0.044921875 0.576171875 0.048828125 0.576171875 0.0546875 0.583984375 0.048828125 0.595703125 0.044921875 0.595703125 0.044921875 0.58984375 0.041015625 0.583984375 0.044921875 0.578125
4 0.318359375 0.623046875 0.3125 0.619140625 0.310546875 0.611328125 0.318359375 0.60546875 0.32421875 0.60546875 0.32421875 0.6171875 0.3203125 0.62109375
4 0.3125 0.630859375 0.31640625 0.634765625 0.31640625 0.640625 0.306640625 0.65234375 0.30078125 0.6484375 0.30078125 0.64453125 0.3046875 0.6328125 0.310546875 0.630859375
4 0.90625 0.775390625 0.912109375 0.77734375 0.92578125 0.79296875 0.9296875 0.79296875 0.93359375 0.796875 0.93359375 0.80078125 0.9375 0.802734375 0.935546875 0.8125 0.9296875 0.8125 0.919921875 0.802734375 0.9140625 0.802734375 0.9140625 0.798828125 0.91015625 0.79296875 0.90234375 0.787109375 0.90234375 0.77734375 0.904296875 0.77734375