0 0.046875 0.123046875 0.05078125 0.123046875 0.056640625 0.126953125 0.05859375 0.13671875 0.0625 0.142578125 0.0625 0.162109375 0.0546875 0.16796875 0.044921875 0.1640625 0.04296875 0.15234375 0.048828125 0.140625 0.046875 0.13671875 0.046875 0.125
0 0.03515625 0.03125 0.060546875 0.029296875 0.060546875 0.04296875 0.05859375 0.044921875 0.0546875 0.04296875 0.04296875 0.04296875 0.03515625 0.033203125
0 0.158203125 0.009765625 0.025390625 0.033203125
0 0.14453125 0.94921875 0.150390625 0.953125 0.158203125 0.953125 0.16015625 0.955078125 0.16015625 0.96875 0.158203125 0.970703125 0.16015625 0.974609375 0.16015625 0.994140625 0.15234375 0.994140625 0.1484375 0.990234375 0.146484375 0.982421875 0.138671875 0.974609375 0.134765625 0.953125 0.142578125 0.94921875
0 0.14453125 0.89453125 0.150390625 0.892578125 0.154296875 0.88671875 0.158203125 0.890625 0.15625 0.90625 0.150390625 0.91796875 0.142578125 0.916015625 0.140625 0.912109375 0.142578125 0.8984375 0.14453125 0.896484375
0 0.5078125 0.7890625 0.513671875 0.80078125 0.51171875 0.81640625 0.509765625 0.818359375 0.505859375 0.81640625 0.505859375 0.806640625 0.50390625 0.8046875 0.505859375 0.791015625
0 0.4296875 0.857421875 0.439453125 0.84765625 0.44140625 0.853515625 0.44140625 0.87109375 0.4375 0.8828125 0.431640625 0.876953125 0.431640625 0.86328125 0.4296875 0.859375
0 0.0625 0.029296875 0.076171875 0.029296875 0.078125 0.02734375 0.08203125 0.029296875 0.078125 0.044921875 0.072265625 0.044921875 0.0703125 0.0390625 0.0625 0.03125
0 -0.009765625 0.0478515625 0.02734375 0.0390625
0 0.248046875 0.06640625 0.25390625 0.07421875 0.25390625 0.08203125 0.24609375 0.0859375 0.240234375 0.083984375 0.236328125 0.07421875 0.236328125 0.068359375 0.24609375 0.06640625
0 0.03515625 0.083984375 0.037109375 0.099609375 0.03125 0.099609375 0.0234375 0.107421875 0.017578125 0.099609375 0.017578125 0.087890625 0.025390625 0.078125 0.029296875 0.078125 0.033203125 0.083984375
0 0.171875 0.97265625 0.17578125 0.962890625 0.181640625 0.962890625 0.185546875 0.97265625 0.185546875 0.99609375 0.18359375 0.998046875 0.173828125 0.998046875 0.173828125 0.974609375
0 0.384765625 0.8671875 0.3828125 0.865234375 0.380859375 0.849609375 0.38671875 0.83984375 0.388671875 0.83984375 0.388671875 0.84765625 0.390625 0.849609375 0.390625 0.859375 0.38671875 0.865234375
0 0.150390625 0.951171875 0.146484375 0.9453125 0.146484375 0.939453125 0.15234375 0.9296875 0.15234375 0.91796875 0.15625 0.91015625 0.16015625 0.912109375 0.16015625 0.916015625 0.1640625 0.921875 0.166015625 0.9375 0.1640625 0.939453125 0.1640625 0.9453125 0.158203125 0.951171875 0.15234375 0.951171875
0 0.1484375 0.9921875 0.154296875 0.998046875 0.140625 0.998046875 0.146484375 0.9921875