3 0.068359375 0.671875 0.0703125 0.671875 0.068359375 0.673828125 0.072265625 0.6796875 0.06640625 0.689453125 0.064453125 0.69921875 0.05859375 0.697265625 0.0546875 0.69921875 0.05078125 0.6953125 0.05078125 0.69140625 0.0546875 0.6875 0.0546875 0.6796875 0.06640625 0.671875
3 0.015625 0.75390625 0.021484375 0.74609375 0.033203125 0.744140625 0.033203125 0.75 0.037109375 0.75390625 0.03515625 0.76171875 0.021484375 0.763671875 0.017578125 0.76171875 0.017578125 0.755859375
3 0.205078125 0.576171875 0.208984375 0.572265625 0.21484375 0.572265625 0.220703125 0.580078125 0.220703125 0.58984375 0.216796875 0.59375 0.21875 0.595703125 0.21484375 0.599609375 0.20703125 0.599609375 0.203125 0.59375 0.205078125 0.580078125 0.20703125 0.578125
3 0.208984375 0.615234375 0.21484375 0.6171875 0.220703125 0.623046875 0.228515625 0.634765625 0.2265625 0.640625 0.220703125 0.638671875 0.208984375 0.638671875 0.20703125 0.640625 0.203125 0.630859375 0.197265625 0.625 0.197265625 0.62109375 0.20703125 0.615234375
3 0.19140625 0.640625 0.1953125 0.640625 0.1953125 0.646484375 0.19921875 0.65234375 0.19921875 0.662109375 0.1953125 0.669921875 0.19140625 0.669921875 0.185546875 0.65234375 0.185546875 0.6484375 0.19140625 0.642578125
3 0.248046875 0.6875 0.251953125 0.6875 0.251953125 0.703125 0.25390625 0.705078125 0.25390625 0.712890625 0.25 0.71875 0.25 0.72265625 0.23046875 0.7421875 0.2265625 0.7421875 0.224609375 0.73828125 0.224609375 0.73046875 0.23828125 0.70703125 0.236328125 0.703125 0.248046875 0.689453125
3 0.119140625 0.703125 0.119140625 0.7109375 0.12109375 0.712890625 0.107421875 0.728515625 0.1015625 0.728515625 0.099609375 0.7265625 0.099609375 0.716796875 0.109375 0.70703125 0.1171875 0.703125
3 0.43359375 0.28515625 0.439453125 0.291015625 0.439453125 0.298828125 0.4375 0.30078125 0.439453125 0.306640625 0.435546875 0.310546875 0.431640625 0.30078125 0.43359375 0.298828125 0.43359375 0.287109375
3 0.212890625 0.75390625 0.216796875 0.755859375 0.216796875 0.76171875 0.220703125 0.765625 0.220703125 0.76953125 0.21484375 0.77734375 0.21484375 0.783203125 0.2109375 0.791015625 0.20703125 0.791015625 0.203125 0.787109375 0.203125 0.779296875 0.20703125 0.775390625 0.212890625 0.755859375
3 0.48828125 0.16796875 0.490234375 0.166015625 0.490234375 0.16015625 0.494140625 0.158203125 0.498046875 0.1640625 0.49609375 0.181640625 0.4921875 0.185546875 0.48828125 0.18359375 0.490234375 0.181640625 0.490234375 0.169921875
3 0.19140625 0.541015625 0.203125 0.541015625 0.203125 0.556640625 0.205078125 0.55859375 0.203125 0.564453125 0.19921875 0.56640625 0.197265625 0.564453125 0.189453125 0.552734375 0.189453125 0.544921875 0.19140625 0.54296875
3 0.142578125 0.728515625 0.1484375 0.734375 0.15234375 0.728515625 0.154296875 0.73046875 0.154296875 0.73828125 0.150390625 0.744140625 0.150390625 0.75 0.140625 0.76171875 0.1328125 0.75390625 0.142578125 0.740234375 0.142578125 0.73046875
3 0.24609375 0.6484375 0.24609375 0.642578125 0.2421875 0.638671875 0.2421875 0.6328125 0.23828125 0.62890625 0.23828125 0.6171875 0.232421875 0.609375 0.236328125 0.599609375 0.2421875 0.599609375 0.24609375 0.603515625 0.24609375 0.609375 0.25 0.61328125 0.248046875 0.62890625 0.251953125 0.642578125 0.25 0.6484375 0.248046875 0.6484375
3 0.037109375 0.625 0.0390625 0.625 0.0390625 0.634765625 0.03515625 0.638671875 0.029296875 0.638671875 0.025390625 0.6484375 0.01953125 0.654296875 0.013671875 0.654296875 0.0078125 0.64453125 0.0078125 0.6328125 0.009765625 0.62890625 0.0234375 0.625 0.033203125 0.6328125 0.037109375 0.626953125
3 0.39453125 0.33203125 0.390625 0.322265625 0.390625 0.314453125 0.39453125 0.30859375 0.3984375 0.310546875 0.3984375 0.32421875 0.400390625 0.326171875 0.3984375 0.33203125 0.396484375 0.33203125
3 0.212890625 0.64453125 0.22265625 0.64453125 0.2265625 0.650390625 0.2265625 0.66796875 0.21875 0.677734375 0.21484375 0.677734375 0.212890625 0.67578125 0.21484375 0.669921875 0.212890625 0.66796875 0.212890625 0.658203125 0.21484375 0.65625 0.212890625 0.646484375
3 0.09765625 0.904296875 0.099609375 0.90625 0.09765625 0.91015625 0.099609375 0.921875 0.087890625 0.935546875 0.080078125 0.935546875 0.08203125 0.93359375 0.083984375 0.919921875 0.09765625 0.90625
3 0.029296875 0.927734375 0.03125 0.927734375 0.03125 0.935546875 0.0234375 0.94921875 0.01171875 0.958984375 0.005859375 0.958984375 0.005859375 0.947265625 0.0078125 0.943359375 0.01953125 0.931640625 0.025390625 0.93359375 0.029296875 0.9296875
3 0.19140625 0.703125 0.197265625 0.708984375 0.197265625 0.712890625 0.189453125 0.7265625 0.185546875 0.73046875 0.181640625 0.73046875 0.177734375 0.7265625 0.18359375 0.708984375 0.189453125 0.705078125