4 0.033203125 0.666015625 0.03515625 0.6796875 0.03125 0.685546875 0.033203125 0.689453125 0.029296875 0.69921875 0.025390625 0.69921875 0.025390625 0.689453125 0.0234375 0.6875 0.021484375 0.673828125 0.03125 0.666015625
4 0.173828125 0.55078125 0.185546875 0.552734375 0.189453125 0.564453125 0.1875 0.576171875 0.181640625 0.58203125 0.177734375 0.58203125 0.171875 0.576171875 0.171875 0.56640625 0.169921875 0.564453125 0.169921875 0.55859375 0.173828125 0.552734375
4 0.185546875 0.6015625 0.1953125 0.60546875 0.205078125 0.623046875 0.205078125 0.625 0.19921875 0.623046875 0.185546875 0.626953125 0.1796875 0.625 0.177734375 0.623046875 0.177734375 0.6171875 0.16796875 0.609375 0.169921875 0.6015625 0.173828125 0.59765625 0.18359375 0.6015625
4 0.16796875 0.66015625 0.162109375 0.650390625 0.162109375 0.640625 0.16015625 0.638671875 0.16015625 0.634765625 0.166015625 0.626953125 0.169921875 0.62890625 0.169921875 0.6328125 0.17578125 0.640625 0.173828125 0.65625 0.169921875 0.66015625
4 0.234375 0.67578125 0.23828125 0.677734375 0.23828125 0.68359375 0.2421875 0.689453125 0.244140625 0.701171875 0.2421875 0.703125 0.240234375 0.716796875 0.228515625 0.724609375 0.228515625 0.728515625 0.22265625 0.736328125 0.21875 0.740234375 0.21875 0.736328125 0.21484375 0.734375 0.21484375 0.72265625 0.21875 0.71875 0.220703125 0.705078125 0.224609375 0.69921875 0.22265625 0.697265625 0.224609375 0.69140625 0.232421875 0.677734375
4 0.072265625 0.71484375 0.083984375 0.703125 0.09375 0.703125 0.095703125 0.708984375 0.09375 0.71484375 0.0859375 0.72265625 0.08203125 0.73046875 0.076171875 0.73046875 0.0703125 0.720703125 0.072265625 0.716796875
4 0.384765625 0.216796875 0.390625 0.22265625 0.390625 0.234375 0.392578125 0.236328125 0.392578125 0.248046875 0.38671875 0.24609375 0.38671875 0.240234375 0.384765625 0.23828125 0.38671875 0.236328125 0.3828125 0.22265625 0.384765625 0.21875
4 0.205078125 0.751953125 0.208984375 0.751953125 0.208984375 0.7578125 0.212890625 0.76171875 0.212890625 0.775390625 0.208984375 0.783203125 0.208984375 0.791015625 0.20703125 0.79296875 0.19921875 0.79296875 0.197265625 0.787109375 0.201171875 0.775390625 0.19921875 0.76953125 0.205078125 0.75390625
4 0.431640625 0.07421875 0.439453125 0.08203125 0.439453125 0.091796875 0.44140625 0.09375 0.439453125 0.1015625 0.4375 0.103515625 0.431640625 0.103515625 0.43359375 0.09765625 0.431640625 0.083984375 0.4296875 0.08203125 0.431640625 0.076171875
4 0.1640625 0.515625 0.1640625 0.525390625 0.166015625 0.52734375 0.1640625 0.544921875 0.15234375 0.537109375 0.15234375 0.53125 0.1484375 0.52734375 0.15234375 0.515625 0.162109375 0.515625
4 0.1328125 0.724609375 0.1328125 0.728515625 0.13671875 0.73046875 0.13671875 0.736328125 0.1328125 0.744140625 0.130859375 0.7578125 0.126953125 0.76171875 0.119140625 0.763671875 0.115234375 0.755859375 0.12109375 0.75 0.123046875 0.744140625 0.12109375 0.7421875 0.123046875 0.736328125 0.12109375 0.7265625 0.125 0.7265625 0.130859375 0.732421875 0.1328125 0.7265625
4 0.208984375 0.578125 0.21484375 0.578125 0.21875 0.58203125 0.224609375 0.59765625 0.224609375 0.609375 0.228515625 0.62109375 0.232421875 0.625 0.232421875 0.62890625 0.228515625 0.6328125 0.21875 0.62109375 0.21484375 0.603515625 0.20703125 0.59375 0.20703125 0.587890625 0.205078125 0.5859375 0.208984375 0.580078125
4 0.34765625 0.2607421875 0.015625 0.03125
4 0.201171875 0.62890625 0.201171875 0.6328125 0.205078125 0.63671875 0.20703125 0.654296875 0.19921875 0.666015625 0.1953125 0.666015625 0.19140625 0.662109375 0.193359375 0.65234375 0.19140625 0.650390625 0.19140625 0.638671875 0.189453125 0.63671875 0.189453125 0.630859375 0.19921875 0.62890625
4 0.095703125 0.92578125 0.09765625 0.92578125 0.09765625 0.931640625 0.099609375 0.93359375 0.099609375 0.947265625 0.091796875 0.958984375 0.083984375 0.9609375 0.080078125 0.95703125 0.083984375 0.9453125 0.09375 0.93359375 0.095703125 0.927734375
4 0.1640625 0.7265625 0.162109375 0.72265625 0.1640625 0.705078125 0.171875 0.697265625 0.177734375 0.701171875 0.1796875 0.70703125 0.177734375 0.708984375 0.177734375 0.716796875 0.171875 0.7265625 0.16796875 0.728515625 0.166015625 0.7265625