3 0.363608123046875 0.98997717578125 0.43879283984375 0.996554986328125 0.437829470703125 0.991451603515625 0.42717291015625 0.971446697265625 0.4107821640625 0.95897067578125 0.390372939453125 0.96019655859375 0.37404194140625 0.972821259765625 0.363608123046875 0.98997717578125
0 0.23828125 0.771484375 0.236328125 0.767578125 0.236328125 0.755859375 0.240234375 0.75 0.25 0.75 0.251953125 0.751953125 0.25 0.763671875 0.240234375 0.771484375
0 0.869140625 0.892578125 0.85546875 0.875 0.85546875 0.87109375 0.8515625 0.865234375 0.853515625 0.861328125 0.86328125 0.861328125 0.865234375 0.86328125 0.865234375 0.8671875 0.875 0.8828125 0.875 0.89453125 0.87109375 0.892578125
0 0.86328125 0.91015625 0.869140625 0.91015625 0.875 0.919921875 0.875 0.9296875 0.873046875 0.931640625 0.865234375 0.931640625 0.861328125 0.92578125 0.86328125 0.912109375
0 0.296875 0.48046875 0.298828125 0.482421875 0.298828125 0.4921875 0.296875 0.494140625 0.296875 0.5 0.291015625 0.50390625 0.283203125 0.501953125 0.28125 0.486328125 0.28515625 0.482421875 0.294921875 0.48046875
0 0.845703125 0.888671875 0.8515625 0.88671875 0.86328125 0.90234375 0.861328125 0.916015625 0.85546875 0.91796875 0.84375 0.896484375 0.845703125 0.890625
0 0.94921875 0.990234375 0.955078125 0.9921875 0.95703125 0.998046875 0.9375 0.998046875 0.935546875 0.99609375 0.935546875 0.98828125 0.939453125 0.984375 0.947265625 0.990234375
0 0.232421875 0.62890625 0.23828125 0.6328125 0.236328125 0.634765625 0.236328125 0.64453125 0.23828125 0.646484375 0.236328125 0.65234375 0.228515625 0.65234375 0.22265625 0.646484375 0.22265625 0.634765625 0.23046875 0.62890625
0 0.81640625 0.984375 0.818359375 0.986328125 0.818359375 0.994140625 0.81640625 0.99609375 0.818359375 0.998046875 0.810546875 0.998046875 0.814453125 0.986328125
0 0.3515625 0.708984375 0.353515625 0.7109375 0.353515625 0.7265625 0.34765625 0.734375 0.34375 0.73046875 0.34375 0.716796875 0.345703125 0.7109375 0.349609375 0.708984375
0 0.95703125 0.9765625 0.958984375 0.9765625 0.95703125 0.990234375 0.955078125 0.98828125 0.955078125 0.98046875 0.95703125 0.978515625
0 0.0078125 0.4921875 0.01171875 0.498046875 0.01171875 0.501953125 0.009765625 0.5078125 0.00390625 0.513671875 0 0.51171875 0.001953125 0.509765625 0 0.5078125 0 0.49609375 0.005859375 0.4921875
0 0.283203125 0.58203125 0.287109375 0.5859375 0.283203125 0.59765625 0.271484375 0.59765625 0.26953125 0.595703125 0.271484375 0.5859375 0.28125 0.58203125
0 0.259765625 0.607421875 0.267578125 0.607421875 0.271484375 0.611328125 0.26953125 0.619140625 0.26171875 0.626953125 0.2578125 0.626953125 0.25390625 0.625 0.25390625 0.619140625 0.259765625 0.609375
0 0.95703125 0.9765625 0.958984375 0.9765625 0.95703125 0.98046875 0.95703125 0.99609375 0.955078125 0.994140625 0.955078125 0.98046875 0.95703125 0.978515625
0 0.845703125 0.888671875 0.8515625 0.88671875 0.85546875 0.890625 0.865234375 0.908203125 0.873046875 0.9140625 0.875 0.919921875 0.875 0.927734375 0.87109375 0.931640625 0.865234375 0.931640625 0.86328125 0.92578125 0.853515625 0.91796875 0.853515625 0.9140625 0.84375 0.896484375 0.845703125 0.890625