3 0.497916666015625 0.99537037109375 0.497395833984375 0.9731481484375 0.488541666015625 0.941666666015625 0.477083333984375 0.92407407421875 0.4609375 0.913888888671875 0.4421875 0.916666666015625 0.428125 0.92962962890625 0.416666666015625 0.95277777734375 0.413020833984375 0.971296296875 0.4125 0.993518517578125 0.4140625 0.99907407421875 0.496875 0.99907407421875 0.497916666015625 0.99537037109375
0 0.291015625 0.7431640625 0.017578125 0.0224609375
0 0.873046875 0.7890625 0.876953125 0.794921875 0.876953125 0.798828125 0.884765625 0.80859375 0.884765625 0.81640625 0.8828125 0.818359375 0.87890625 0.81640625 0.876953125 0.810546875 0.869140625 0.806640625 0.861328125 0.79296875 0.86328125 0.787109375 0.869140625 0.787109375 0.87109375 0.7890625
0 0.880859375 0.83203125 0.88671875 0.83984375 0.884765625 0.853515625 0.876953125 0.8515625 0.873046875 0.845703125 0.875 0.833984375 0.87890625 0.83203125
0 0.986328125 0.798828125 0.9921875 0.806640625 0.998046875 0.80859375 0.998046875 0.82421875 0.990234375 0.81640625 0.984375 0.814453125 0.984375 0.80078125
0 0.3115234375 0.4921875 0.0166015625 0.0224609375
0 0.86328125 0.8125 0.869140625 0.818359375 0.875 0.830078125 0.873046875 0.837890625 0.869140625 0.83984375 0.857421875 0.826171875 0.85546875 0.8203125 0.857421875 0.814453125 0.861328125 0.8125
0 0.955078125 0.89453125 0.9609375 0.900390625 0.96484375 0.900390625 0.970703125 0.904296875 0.97265625 0.912109375 0.966796875 0.91796875 0.962890625 0.91015625 0.94921875 0.908203125 0.94921875 0.896484375 0.953125 0.89453125
0 0.263671875 0.625 0.271484375 0.625 0.275390625 0.63671875 0.275390625 0.64453125 0.265625 0.64453125 0.26171875 0.640625 0.26171875 0.62890625 0.263671875 0.626953125
0 0.8359375 0.927734375 0.833984375 0.923828125 0.833984375 0.908203125 0.8359375 0.90625 0.837890625 0.90625 0.841796875 0.919921875 0.849609375 0.9296875 0.849609375 0.9375 0.84765625 0.9375 0.837890625 0.927734375
0 0.3828125 0.6875 0.388671875 0.689453125 0.388671875 0.70703125 0.38671875 0.7109375 0.3828125 0.7109375 0.37890625 0.705078125 0.37890625 0.69921875 0.3828125 0.689453125
0 0.966796875 0.884765625 0.970703125 0.884765625 0.970703125 0.888671875 0.978515625 0.89453125 0.982421875 0.904296875 0.982421875 0.908203125 0.978515625 0.91015625 0.974609375 0.908203125 0.966796875 0.8984375 0.966796875 0.88671875
0 0.046875 0.515625 0.05078125 0.515625 0.0546875 0.51953125 0.0546875 0.52734375 0.05078125 0.53515625 0.046875 0.53515625 0.04296875 0.525390625 0.046875 0.517578125
0 0.314453125 0.576171875 0.314453125 0.58984375 0.310546875 0.591796875 0.302734375 0.591796875 0.30078125 0.58203125 0.3125 0.576171875
0 0.2890625 0.619140625 0.2890625 0.611328125 0.294921875 0.6015625 0.30078125 0.6015625 0.3046875 0.607421875 0.302734375 0.61328125 0.294921875 0.62109375 0.291015625 0.619140625
0 0.966796875 0.884765625 0.970703125 0.884765625 0.970703125 0.890625 0.98046875 0.896484375 0.984375 0.908203125 0.994140625 0.919921875 0.9921875 0.92578125 0.990234375 0.92578125 0.982421875 0.91796875 0.97265625 0.9140625 0.97265625 0.90625 0.970703125 0.904296875 0.966796875 0.90625 0.966796875 0.88671875
0 0.86328125 0.8125 0.873046875 0.826171875 0.88671875 0.83984375 0.88671875 0.849609375 0.8828125 0.853515625 0.875 0.849609375 0.873046875 0.84375 0.865234375 0.837890625 0.865234375 0.833984375 0.859375 0.828125 0.85546875 0.818359375 0.861328125 0.8125