3 0.46886875 1 0.470729572265625 0.99171458984375 0.471737265625 0.971597978515625 0.465854427734375 0.944671400390625 0.45464673828125 0.9276195078125 0.435957982421875 0.91990469921875 0.416617748046875 0.926284958984375 0.40021656640625 0.941545150390625 0.382924849609375 0.971859201171875 0.379263658203125 0.98520386328125 0.43860771875 1 0.46886875 1
0 0.650390625 0.775390625 0.654296875 0.775390625 0.66015625 0.779296875 0.6640625 0.7890625 0.65625 0.798828125 0.650390625 0.796875 0.65234375 0.794921875 0.646484375 0.78515625 0.646484375 0.78125 0.650390625 0.77734375
0 0.048828125 0.68359375 0.05078125 0.685546875 0.048828125 0.693359375 0.0390625 0.703125 0.029296875 0.705078125 0.0234375 0.7109375 0.01953125 0.70703125 0.0234375 0.69921875 0.037109375 0.685546875 0.046875 0.68359375
0 0.021484375 0.73828125 0.021484375 0.02734375
0 0.69921875 0.51171875 0.70703125 0.517578125 0.705078125 0.529296875 0.69921875 0.533203125 0.6953125 0.533203125 0.689453125 0.529296875 0.69140625 0.51171875 0.693359375 0.509765625 0.697265625 0.51171875
0 0.048828125 0.7109375 0.05078125 0.71484375 0.048828125 0.716796875 0.048828125 0.72265625 0.03125 0.73828125 0.02734375 0.736328125 0.029296875 0.720703125 0.046875 0.7109375
0 0.69921875 0.673828125 0.708984375 0.66796875 0.712890625 0.671875 0.712890625 0.68359375 0.705078125 0.69140625 0.6953125 0.689453125 0.6953125 0.681640625 0.701171875 0.67578125
0 0.044921875 0.8125 0.048828125 0.81640625 0.048828125 0.828125 0.046875 0.83203125 0.029296875 0.84375 0.025390625 0.841796875 0.029296875 0.833984375 0.041015625 0.82421875 0.044921875 0.818359375 0.044921875 0.814453125
0 0.572265625 0.705078125 0.57421875 0.708984375 0.57421875 0.71484375 0.572265625 0.716796875 0.57421875 0.72265625 0.56640625 0.73046875 0.564453125 0.73046875 0.5625 0.724609375 0.564453125 0.720703125 0.5625 0.71484375 0.564453125 0.708984375 0.5703125 0.705078125
0 0.96484375 0.61328125 0.966796875 0.625 0.962890625 0.6328125 0.958984375 0.634765625 0.955078125 0.626953125 0.955078125 0.6171875 0.962890625 0.61328125
0 0.6787109375 0.619140625 0.021484375 0.0234375
0 0.6796875 0.63671875 0.689453125 0.642578125 0.689453125 0.6484375 0.6875 0.650390625 0.689453125 0.65625 0.6875 0.658203125 0.681640625 0.658203125 0.6796875 0.65234375 0.67578125 0.650390625 0.67578125 0.640625 0.6796875 0.638671875
0 0.048828125 0.7109375 0.05078125 0.71484375 0.048828125 0.716796875 0.048828125 0.72265625 0.03125 0.740234375 0.029296875 0.73828125 0.017578125 0.748046875 0.013671875 0.748046875 0.009765625 0.744140625 0.013671875 0.732421875 0.017578125 0.728515625 0.025390625 0.7265625 0.037109375 0.71484375 0.046875 0.7109375