4 0.076171875 0.22265625 0.087890625 0.220703125 0.095703125 0.23828125 0.09375 0.251953125 0.087890625 0.251953125 0.08203125 0.24609375 0.078125 0.24609375 0.076171875 0.228515625 0.07421875 0.2265625 0.076171875 0.224609375
4 0.05078125 0.1484375 0.064453125 0.150390625 0.068359375 0.154296875 0.064453125 0.166015625 0.05859375 0.171875 0.05078125 0.166015625 0.046875 0.166015625 0.048828125 0.1640625 0.05078125 0.150390625
4 0.2421875 0.337890625 0.24609375 0.341796875 0.24609375 0.35546875 0.244140625 0.357421875 0.244140625 0.36328125 0.23828125 0.3671875 0.232421875 0.3671875 0.23046875 0.365234375 0.228515625 0.35546875 0.23046875 0.353515625 0.232421875 0.33984375 0.236328125 0.3359375 0.240234375 0.337890625
4 0.236328125 0.294921875 0.240234375 0.29296875 0.244140625 0.294921875 0.259765625 0.294921875 0.263671875 0.29296875 0.26171875 0.30078125 0.25390625 0.30859375 0.251953125 0.314453125 0.234375 0.3203125 0.228515625 0.31640625 0.2265625 0.30859375 0.236328125 0.302734375 0.236328125 0.296875
4 0.2265625 0.2578125 0.232421875 0.26171875 0.234375 0.267578125 0.232421875 0.26953125 0.234375 0.27734375 0.23046875 0.28125 0.228515625 0.2890625 0.22265625 0.291015625 0.21875 0.28515625 0.21875 0.279296875 0.220703125 0.27734375 0.220703125 0.267578125 0.2265625 0.259765625
4 0.275390625 0.1796875 0.28125 0.181640625 0.28125 0.185546875 0.287109375 0.19140625 0.287109375 0.1953125 0.296875 0.201171875 0.296875 0.20703125 0.30078125 0.212890625 0.30078125 0.22265625 0.298828125 0.224609375 0.298828125 0.232421875 0.294921875 0.236328125 0.294921875 0.2421875 0.291015625 0.2421875 0.287109375 0.23828125 0.2734375 0.197265625 0.2734375 0.18359375 0.275390625 0.181640625
4 0.140625 0.189453125 0.14453125 0.197265625 0.154296875 0.20703125 0.15234375 0.21875 0.14453125 0.216796875 0.12890625 0.201171875 0.134765625 0.19140625 0.138671875 0.189453125
4 0.44921875 0.666015625 0.447265625 0.68359375 0.44140625 0.6953125 0.439453125 0.693359375 0.439453125 0.68359375 0.44140625 0.681640625 0.439453125 0.67578125 0.443359375 0.66796875 0.447265625 0.666015625
4 0.2578125 0.12890625 0.26171875 0.126953125 0.265625 0.12890625 0.26953125 0.150390625 0.271484375 0.15234375 0.271484375 0.15625 0.267578125 0.16015625 0.267578125 0.166015625 0.263671875 0.16796875 0.255859375 0.140625 0.255859375 0.1328125 0.2578125 0.130859375
4 0.48828125 0.806640625 0.494140625 0.810546875 0.4921875 0.833984375 0.48828125 0.837890625 0.484375 0.83203125 0.486328125 0.80859375
4 0.2177734375 0.38671875 0.021484375 0.033203125
4 0.173828125 0.166015625 0.17578125 0.16015625 0.181640625 0.15625 0.1875 0.16015625 0.1953125 0.18359375 0.1953125 0.189453125 0.19140625 0.193359375 0.189453125 0.1875 0.185546875 0.19140625 0.1796875 0.19140625 0.181640625 0.1875 0.181640625 0.17578125 0.17578125 0.166015625
4 0.28515625 0.28515625 0.2890625 0.287109375 0.2890625 0.296875 0.28515625 0.298828125 0.28515625 0.30859375 0.279296875 0.322265625 0.279296875 0.330078125 0.2734375 0.33984375 0.267578125 0.33984375 0.263671875 0.333984375 0.265625 0.33203125 0.263671875 0.326171875 0.271484375 0.318359375 0.271484375 0.310546875 0.275390625 0.306640625 0.275390625 0.298828125 0.28515625 0.287109375
4 0.03125 0.26953125 0.037109375 0.26953125 0.04296875 0.28515625 0.044921875 0.287109375 0.05078125 0.287109375 0.052734375 0.291015625 0.052734375 0.302734375 0.05078125 0.302734375 0.05078125 0.298828125 0.046875 0.294921875 0.04296875 0.294921875 0.037109375 0.30078125 0.02734375 0.296875 0.03125 0.271484375
4 0.408203125 0.640625 0.408203125 0.65234375 0.404296875 0.65625 0.404296875 0.6640625 0.400390625 0.66796875 0.396484375 0.66015625 0.3984375 0.646484375 0.40625 0.640625
4 0.248046875 0.287109375 0.248046875 0.28125 0.25 0.279296875 0.248046875 0.2734375 0.25 0.2578125 0.25390625 0.251953125 0.26171875 0.2578125 0.265625 0.26953125 0.259765625 0.287109375 0.2578125 0.2890625 0.25 0.287109375
4 0.232421875 0.22265625 0.22265625 0.21484375 0.220703125 0.197265625 0.23046875 0.19140625 0.23828125 0.212890625 0.234375 0.220703125