4 0.869140625 0.35546875 0.880859375 0.357421875 0.87890625 0.373046875 0.8671875 0.380859375 0.86328125 0.380859375 0.86328125 0.369140625 0.869140625 0.357421875
4 0.912109375 0.298828125 0.916015625 0.306640625 0.912109375 0.314453125 0.90625 0.314453125 0.904296875 0.31640625 0.900390625 0.31640625 0.8984375 0.30078125 0.900390625 0.298828125 0.91015625 0.298828125
4 0.72265625 0.458984375 0.71875 0.451171875 0.71875 0.44140625 0.7265625 0.431640625 0.732421875 0.435546875 0.734375 0.4453125 0.73046875 0.458984375 0.724609375 0.458984375
4 0.712890625 0.39453125 0.724609375 0.39453125 0.7265625 0.396484375 0.73046875 0.39453125 0.734375 0.396484375 0.736328125 0.40625 0.740234375 0.41015625 0.740234375 0.416015625 0.734375 0.419921875 0.71875 0.41015625 0.712890625 0.396484375
4 0.9609375 0.33203125 0.958984375 0.34375 0.953125 0.349609375 0.9453125 0.349609375 0.94140625 0.353515625 0.9375 0.3515625 0.94140625 0.33203125 0.943359375 0.330078125 0.958984375 0.33203125
4 0.748046875 0.3671875 0.748046875 0.37109375 0.751953125 0.376953125 0.751953125 0.390625 0.74609375 0.396484375 0.740234375 0.384765625 0.740234375 0.376953125 0.74609375 0.369140625
4 0.716796875 0.294921875 0.71875 0.306640625 0.712890625 0.314453125 0.705078125 0.3359375 0.697265625 0.345703125 0.693359375 0.345703125 0.69140625 0.322265625 0.6953125 0.31640625 0.6953125 0.3125 0.69921875 0.30859375 0.703125 0.30859375 0.71484375 0.296875
4 0.83203125 0.3203125 0.837890625 0.328125 0.837890625 0.333984375 0.828125 0.337890625 0.82421875 0.34375 0.818359375 0.34375 0.81640625 0.341796875 0.81640625 0.3359375 0.830078125 0.322265625
4 0.505859375 0.68359375 0.509765625 0.685546875 0.509765625 0.69140625 0.51171875 0.693359375 0.509765625 0.6953125 0.509765625 0.708984375 0.505859375 0.70703125 0.505859375 0.701171875 0.50390625 0.69921875 0.50390625 0.6875 0.505859375 0.685546875
4 0.73828125 0.251953125 0.740234375 0.25390625 0.740234375 0.26171875 0.736328125 0.26953125 0.736328125 0.275390625 0.73046875 0.28125 0.728515625 0.287109375 0.7265625 0.28515625 0.724609375 0.271484375 0.732421875 0.25390625 0.736328125 0.251953125
4 0.453125 0.798828125 0.453125 0.8203125 0.451171875 0.822265625 0.447265625 0.822265625 0.4453125 0.818359375 0.4453125 0.8046875 0.451171875 0.798828125
4 0.734375 0.490234375 0.732421875 0.486328125 0.734375 0.482421875 0.734375 0.46875 0.73828125 0.466796875 0.74609375 0.4765625 0.74609375 0.490234375 0.744140625 0.4921875 0.7421875 0.490234375 0.736328125 0.490234375 0.734375 0.4921875
4 0.796875 0.287109375 0.80078125 0.287109375 0.8046875 0.291015625 0.8046875 0.296875 0.796875 0.306640625 0.796875 0.31640625 0.794921875 0.318359375 0.7890625 0.3125 0.787109375 0.318359375 0.78515625 0.314453125 0.78515625 0.30859375 0.796875 0.2890625
4 0.693359375 0.3828125 0.701171875 0.39453125 0.701171875 0.408203125 0.70703125 0.41796875 0.70703125 0.427734375 0.701171875 0.431640625 0.6953125 0.427734375 0.69140625 0.384765625
4 0.90625 0.404296875 0.912109375 0.40234375 0.91796875 0.404296875 0.919921875 0.408203125 0.919921875 0.42578125 0.91796875 0.427734375 0.90625 0.427734375 0.904296875 0.4296875 0.896484375 0.421875 0.890625 0.4296875 0.892578125 0.41796875 0.89453125 0.416015625 0.900390625 0.416015625 0.90625 0.40625
4 0.54296875 0.66796875 0.546875 0.66796875 0.55078125 0.677734375 0.548828125 0.689453125 0.544921875 0.69140625 0.54296875 0.669921875
4 0.7216796875 0.375 0.0146484375 0.0341796875
4 0.859375 0.126953125 0.861328125 0.130859375 0.859375 0.1328125 0.859375 0.138671875 0.845703125 0.15234375 0.845703125 0.15625 0.841796875 0.154296875 0.841796875 0.140625 0.8515625 0.12890625 0.857421875 0.126953125
4 0.931640625 0.11328125 0.93359375 0.119140625 0.927734375 0.130859375 0.919921875 0.134765625 0.91796875 0.138671875 0.912109375 0.13671875 0.908203125 0.142578125 0.908203125 0.130859375 0.921875 0.115234375 0.9296875 0.11328125
4 0.75390625 0.3125 0.759765625 0.3125 0.76171875 0.31640625 0.7578125 0.33203125 0.748046875 0.337890625 0.74609375 0.32421875 0.75390625 0.314453125