3 0.46668752734375 0.237184884765625 0.4851959375 0.22276656640625 0.49644921875 0.1954021875 0.499558919921875 0.16166232421875 0.4968939453125 0.138402599609375 0.491859865234375 0.119772970703125 0.478386091796875 0.092660900390625 0.46535640625 0.077303546875 0.443294642578125 0.06643842578125 0.425822787109375 0.071042505859375 0.407610451171875 0.091864919921875 0.399762705078125 0.117676396484375 0.3981336875 0.149059595703125 0.40361185546875 0.179443943359375 0.415456890625 0.207859203125 0.43500141796875 0.23089523046875 0.45054830078125 0.2383788203125 0.46668752734375 0.237184884765625
0 0.015625 0.4765625 0.0234375 0.484375 0.021484375 0.494140625 0.015625 0.498046875 0.001953125 0.484375 0.001953125 0.48046875 0.005859375 0.4765625 0.01171875 0.4765625 0.013671875 0.478515625
0 0.59375 0.455078125 0.603515625 0.462890625 0.603515625 0.470703125 0.60546875 0.47265625 0.6015625 0.478515625 0.595703125 0.478515625 0.59375 0.4765625 0.591796875 0.47265625 0.591796875 0.458984375 0.59375 0.45703125
0 0 0.439453125 0.005859375 0.439453125 0.01171875 0.447265625 0.0078125 0.455078125 0.009765625 0.4609375 0.001953125 0.4609375 0 0.458984375 0 0.44140625
0 0.708984375 0.662109375 0.712890625 0.6640625 0.716796875 0.67578125 0.71484375 0.681640625 0.7109375 0.681640625 0.705078125 0.6875 0.69921875 0.685546875 0.697265625 0.671875 0.701171875 0.6640625 0.70703125 0.6640625
0 0.720703125 0.478515625 0.724609375 0.478515625 0.728515625 0.4921875 0.7265625 0.50390625 0.72265625 0.5078125 0.720703125 0.50390625 0.72265625 0.494140625 0.71875 0.490234375 0.720703125 0.48046875
0 0.724609375 0.478515625 0.728515625 0.498046875 0.72265625 0.5078125 0.712890625 0.501953125 0.7109375 0.498046875 0.716796875 0.484375 0.716796875 0.478515625 0.71875 0.4765625 0.72265625 0.478515625
0 0.666015625 0.517578125 0.673828125 0.517578125 0.67578125 0.51953125 0.681640625 0.537109375 0.67578125 0.54296875 0.666015625 0.53515625 0.6640625 0.53125 0.6640625 0.521484375 0.666015625 0.51953125
0 0.681640625 0.396484375 0.671875 0.390625 0.671875 0.3828125 0.677734375 0.376953125 0.68359375 0.375 0.69140625 0.3828125 0.689453125 0.392578125 0.68359375 0.39453125
0 0.69921875 0.568359375 0.701171875 0.5703125 0.69921875 0.57421875 0.701171875 0.578125 0.693359375 0.583984375 0.689453125 0.583984375 0.685546875 0.578125 0.685546875 0.56640625 0.689453125 0.564453125 0.693359375 0.568359375 0.697265625 0.568359375
0 0.71875 0.4970703125 0.017578125 0.0234375
0 0.009765625 0.4765625 0.01171875 0.478515625 0.01953125 0.478515625 0.02734375 0.486328125 0.03125 0.4921875 0.03125 0.49609375 0.037109375 0.501953125 0.03515625 0.51171875 0.029296875 0.513671875 0.021484375 0.51171875 0.017578125 0.5 0.013671875 0.49609375 0.009765625 0.49609375 0.00390625 0.48828125 0.001953125 0.48046875 0.0078125 0.4765625