1 0.46992978125 0.54737519140625 0.48515710546875 0.56747909765625 0.503620904296875 0.576323177734375 0.5207274453125 0.572969125 0.537620716796875 0.5573969765625 0.54970698828125 0.528668427734375 0.553785326171875 0.500079658203125 0.55144730859375 0.464473490234375 0.53943869140625 0.43209158203125 0.526552666015625 0.41500226171875 0.509232857421875 0.40613821484375 0.489856107421875 0.410550376953125 0.476341490234375 0.423008095703125 0.4636476796875 0.449710279296875 0.458372033203125 0.4752644921875 0.4596371484375 0.514963326171875 0.46992978125 0.54737519140625
4 0.37109375 0.865234375 0.373046875 0.8671875 0.373046875 0.87890625 0.365234375 0.888671875 0.359375 0.888671875 0.357421875 0.88671875 0.357421875 0.880859375 0.361328125 0.875 0.361328125 0.8671875 0.365234375 0.86328125 0.369140625 0.865234375
4 0.36328125 0.77734375 0.37109375 0.77734375 0.375 0.787109375 0.369140625 0.796875 0.3671875 0.80859375 0.361328125 0.8125 0.361328125 0.794921875 0.365234375 0.791015625 0.36328125 0.779296875
4 0.58203125 0.228515625 0.591796875 0.234375 0.591796875 0.248046875 0.583984375 0.26171875 0.580078125 0.263671875 0.578125 0.240234375 0.58203125 0.234375 0.58203125 0.23046875
4 0.92578125 0.845703125 0.921875 0.837890625 0.921875 0.826171875 0.92578125 0.818359375 0.93359375 0.818359375 0.9375 0.822265625 0.94140625 0.83203125 0.94140625 0.837890625 0.9375 0.84375 0.927734375 0.84375
4 0.310546875 0.70703125 0.3125 0.712890625 0.3046875 0.720703125 0.30078125 0.728515625 0.29296875 0.728515625 0.29296875 0.71484375 0.298828125 0.708984375 0.30859375 0.70703125
4 0.26171875 0.84375 0.2734375 0.828125 0.2734375 0.82421875 0.27734375 0.82421875 0.279296875 0.845703125 0.275390625 0.849609375 0.267578125 0.849609375 0.263671875 0.845703125
4 0.958984375 0.8125 0.962890625 0.81640625 0.962890625 0.830078125 0.958984375 0.83203125 0.955078125 0.83203125 0.951171875 0.828125 0.951171875 0.818359375 0.94921875 0.81640625 0.94921875 0.810546875 0.95703125 0.8125
4 0.302734375 0.908203125 0.30078125 0.896484375 0.30859375 0.888671875 0.30859375 0.880859375 0.310546875 0.87890625 0.31640625 0.884765625 0.31640625 0.89453125 0.3125 0.90625 0.310546875 0.908203125 0.3046875 0.908203125
4 0.3046875 0.9892578125 0.01953125 0.029296875
4 0.95703125 0.845703125 0.958984375 0.857421875 0.939453125 0.869140625 0.935546875 0.869140625 0.931640625 0.865234375 0.931640625 0.861328125 0.923828125 0.8515625 0.923828125 0.84375 0.92578125 0.841796875 0.93359375 0.845703125 0.939453125 0.84375 0.953125 0.84375 0.955078125 0.845703125