4 0.822265625 0.083984375 0.822265625 0.095703125 0.826171875 0.099609375 0.826171875 0.103515625 0.830078125 0.10546875 0.830078125 0.1171875 0.83203125 0.119140625 0.826171875 0.125 0.81640625 0.125 0.810546875 0.11328125 0.814453125 0.1015625 0.8125 0.099609375 0.8125 0.091796875 0.8203125 0.083984375
4 0.794921875 0 0.81640625 0 0.810546875 0.0078125 0.802734375 0.0078125 0.798828125 0.01171875 0.794921875 0.0078125 0.794921875 0.001953125
4 0.693359375 0 0.705078125 0 0.705078125 0.001953125 0.697265625 0.005859375 0.693359375 0.005859375 0.693359375 0.001953125
4 0.998046875 0.802734375 0.998046875 0.81640625 0.998046875 0.810546875 0.99609375 0.80859375 0.998046875 0.8046875
4 0.8671875 0.8828125 0.87890625 0.88671875 0.876953125 0.91015625 0.87109375 0.9140625 0.873046875 0.919921875 0.87109375 0.923828125 0.86328125 0.9296875 0.859375 0.927734375 0.859375 0.921875 0.857421875 0.919921875 0.85546875 0.890625 0.86328125 0.890625 0.8671875 0.884765625
4 0.84765625 0.826171875 0.8515625 0.830078125 0.857421875 0.830078125 0.859375 0.83203125 0.865234375 0.845703125 0.86328125 0.853515625 0.85546875 0.85546875 0.853515625 0.84765625 0.849609375 0.845703125 0.845703125 0.828125
4 0.49609375 0.79296875 0.5 0.796875 0.5 0.8046875 0.501953125 0.806640625 0.501953125 0.818359375 0.498046875 0.8203125 0.494140625 0.80859375 0.494140625 0.796875 0.49609375 0.794921875
4 0.57421875 0.837890625 0.576171875 0.841796875 0.58203125 0.84375 0.58203125 0.8671875 0.578125 0.87109375 0.576171875 0.869140625 0.576171875 0.86328125 0.572265625 0.859375 0.572265625 0.845703125 0.568359375 0.841796875 0.5703125 0.8359375 0.572265625 0.837890625
4 0.7734375 0 0.791015625 0 0.78515625 0.0078125 0.787109375 0.009765625 0.78125 0.013671875 0.779296875 0.013671875 0.779296875 0.009765625 0.7734375 0.001953125
4 0.85546875 0 0.875 0 0.869140625 0.013671875 0.865234375 0.017578125 0.861328125 0.017578125 0.85546875 0.013671875 0.85546875 0.001953125
4 0.91015625 0.9375 0.912109375 0.951171875 0.916015625 0.955078125 0.919921875 0.951171875 0.91796875 0.947265625 0.921875 0.947265625 0.921875 0.953125 0.923828125 0.955078125 0.921875 0.95703125 0.912109375 0.95703125 0.91015625 0.955078125 0.91015625 0.939453125
4 0.619140625 0.078125 0.619140625 0.06640625 0.625 0.060546875 0.6328125 0.0625 0.6328125 0.0703125 0.634765625 0.072265625 0.630859375 0.080078125 0.623046875 0.080078125 0.62109375 0.078125
4 0.8359375 0.0537109375 0.0234375 0.03125
4 0.8359375 0.90234375 0.841796875 0.90234375 0.84375 0.90625 0.845703125 0.919921875 0.84765625 0.921875 0.84765625 0.9375 0.849609375 0.939453125 0.84765625 0.955078125 0.841796875 0.955078125 0.841796875 0.947265625 0.8359375 0.93359375 0.8359375 0.923828125 0.833984375 0.921875 0.833984375 0.90625 0.8359375 0.904296875
4 0.6171875 0.8203125 0.625 0.826171875 0.62890625 0.83984375 0.625 0.845703125 0.62109375 0.84375 0.62109375 0.83984375 0.6171875 0.8359375 0.619140625 0.822265625
4 0.84765625 0.84765625 0.8515625 0.84765625 0.865234375 0.8828125 0.859375 0.888671875 0.857421875 0.88671875 0.8515625 0.88671875 0.84765625 0.880859375 0.845703125 0.8671875 0.84375 0.865234375 0.84765625 0.857421875 0.84765625 0.849609375
4 0.873046875 0.923828125 0.87890625 0.9296875 0.884765625 0.94140625 0.884765625 0.953125 0.8828125 0.955078125 0.876953125 0.955078125 0.869140625 0.947265625 0.8671875 0.9296875 0.87109375 0.92578125
4 0.94921875 0.931640625 0.951171875 0.935546875 0.955078125 0.935546875 0.95703125 0.93359375 0.95703125 0.927734375 0.9609375 0.92578125 0.9609375 0.931640625 0.97265625 0.94921875 0.97265625 0.951171875 0.96484375 0.951171875 0.962890625 0.953125 0.955078125 0.9453125 0.94921875 0.93359375