4 0.13671875 0.783203125 0.146484375 0.78125 0.158203125 0.79296875 0.1640625 0.79296875 0.1640625 0.796875 0.158203125 0.802734375 0.142578125 0.8046875 0.134765625 0.79296875 0.134765625 0.787109375 0.13671875 0.78515625
4 0.15625 0.755859375 0.158203125 0.759765625 0.150390625 0.76953125 0.150390625 0.7734375 0.14453125 0.7734375 0.1328125 0.759765625 0.1328125 0.74609375 0.13671875 0.7421875 0.142578125 0.7421875 0.154296875 0.755859375
4 0.029296875 0.36328125 0.037109375 0.369140625 0.04296875 0.3828125 0.052734375 0.390625 0.052734375 0.39453125 0.03515625 0.400390625 0.03515625 0.390625 0.029296875 0.3828125 0.02734375 0.365234375
3 0.587890625 0 0.634765625 0 0.6328125 0.017578125 0.626953125 0.03125 0.623046875 0.03515625 0.615234375 0.0390625 0.609375 0.0390625 0.603515625 0.04296875 0.59765625 0.037109375 0.59765625 0.0234375 0.587890625 0.001953125
3 0.478515625 0.04296875 0.48828125 0.056640625 0.513671875 0.111328125 0.513671875 0.140625 0.498046875 0.15625 0.490234375 0.15625 0.48828125 0.154296875 0.486328125 0.14453125 0.474609375 0.12890625 0.47265625 0.12109375 0.46875 0.1171875 0.458984375 0.095703125 0.453125 0.08984375 0.453125 0.060546875 0.45703125 0.052734375 0.4609375 0.044921875 0.46875 0.041015625 0.474609375 0.041015625 0.4765625 0.04296875
3 0.529296875 0 0.576171875 0 0.595703125 0.041015625 0.595703125 0.05859375 0.58984375 0.072265625 0.576171875 0.08203125 0.564453125 0.080078125 0.55859375 0.0703125 0.55859375 0.060546875 0.546875 0.037109375 0.529296875 0.021484375 0.529296875 0.001953125
3 0.24609375 0.224609375 0.255859375 0.234375 0.255859375 0.23828125 0.26171875 0.24609375 0.265625 0.267578125 0.275390625 0.283203125 0.279296875 0.294921875 0.283203125 0.298828125 0.283203125 0.302734375 0.291015625 0.31640625 0.29296875 0.34375 0.283203125 0.361328125 0.27734375 0.3671875 0.2734375 0.3671875 0.26171875 0.35546875 0.248046875 0.330078125 0.24609375 0.310546875 0.23828125 0.296875 0.234375 0.294921875 0.2265625 0.283203125 0.2265625 0.27734375 0.224609375 0.275390625 0.224609375 0.26171875 0.22265625 0.259765625 0.22265625 0.244140625 0.224609375 0.23828125 0.23828125 0.224609375 0.244140625 0.224609375
3 0.30078125 0.1953125 0.30859375 0.203125 0.314453125 0.21484375 0.318359375 0.236328125 0.328125 0.255859375 0.330078125 0.26953125 0.337890625 0.2890625 0.337890625 0.314453125 0.330078125 0.32421875 0.31640625 0.33203125 0.3125 0.33203125 0.30859375 0.328125 0.302734375 0.31640625 0.298828125 0.298828125 0.29296875 0.28515625 0.29296875 0.279296875 0.2890625 0.2734375 0.287109375 0.259765625 0.279296875 0.2421875 0.279296875 0.232421875 0.27734375 0.23046875 0.279296875 0.208984375 0.2890625 0.197265625 0.298828125 0.1953125
3 0.3974609375 0.1728515625 0.056640625 0.111328125
3 0.435546875 0.08203125 0.439453125 0.087890625 0.439453125 0.091796875 0.4453125 0.09765625 0.451171875 0.109375 0.458984375 0.1328125 0.458984375 0.138671875 0.462890625 0.14453125 0.4609375 0.154296875 0.451171875 0.166015625 0.443359375 0.166015625 0.44140625 0.1640625 0.435546875 0.15234375 0.4140625 0.1328125 0.4140625 0.126953125 0.412109375 0.125 0.412109375 0.095703125 0.4140625 0.08984375 0.423828125 0.08203125 0.4296875 0.080078125 0.43359375 0.08203125
3 0.345703125 0.16015625 0.353515625 0.16796875 0.35546875 0.177734375 0.361328125 0.1875 0.361328125 0.193359375 0.373046875 0.224609375 0.373046875 0.23046875 0.37890625 0.2421875 0.380859375 0.26171875 0.3828125 0.263671875 0.3828125 0.279296875 0.380859375 0.283203125 0.3671875 0.296875 0.359375 0.30078125 0.3515625 0.29296875 0.3515625 0.2890625 0.34765625 0.283203125 0.34765625 0.27734375 0.3203125 0.1953125 0.3203125 0.1796875 0.326171875 0.166015625 0.333984375 0.16015625 0.34375 0.16015625
3 0.19921875 0.29296875 0.205078125 0.298828125 0.212890625 0.3125 0.21484375 0.330078125 0.20703125 0.34375 0.20703125 0.34765625 0.203125 0.3515625 0.193359375 0.35546875 0.181640625 0.35546875 0.177734375 0.3515625 0.173828125 0.341796875 0.171875 0.322265625 0.1796875 0.3046875 0.19140625 0.294921875 0.197265625 0.29296875
3 0.638671875 0 0.666015625 0 0.662109375 0.009765625 0.650390625 0.015625 0.640625 0.013671875 0.638671875 0.001953125
3 0.51953125 0.013671875 0.537109375 0.041015625 0.541015625 0.0546875 0.552734375 0.076171875 0.556640625 0.087890625 0.556640625 0.10546875 0.55078125 0.12109375 0.541015625 0.12109375 0.53515625 0.111328125 0.525390625 0.103515625 0.521484375 0.091796875 0.498046875 0.052734375 0.49609375 0.03125 0.5 0.0234375 0.5078125 0.015625 0.517578125 0.013671875