3 0.912109375 0.80859375 0.916015625 0.8125 0.9140625 0.814453125 0.904296875 0.814453125 0.888671875 0.82421875 0.87890625 0.82421875 0.875 0.8203125 0.875 0.8125 0.873046875 0.810546875 0.876953125 0.806640625 0.88671875 0.806640625 0.888671875 0.8046875 0.90234375 0.806640625 0.90625 0.8046875 0.91015625 0.80859375
3 0.9921875 0.783203125 0.9921875 0.80078125 0.990234375 0.80078125 0.98828125 0.791015625 0.984375 0.787109375 0.990234375 0.783203125
3 0.984375 0.685546875 0.986328125 0.68359375 0.9921875 0.68359375 0.9921875 0.693359375 0.986328125 0.6875
3 0.125 0.888671875 0.130859375 0.8984375 0.13671875 0.90234375 0.1328125 0.912109375 0.115234375 0.9140625 0.091796875 0.904296875 0.091796875 0.8984375 0.09375 0.896484375 0.10546875 0.896484375 0.111328125 0.892578125 0.123046875 0.890625
3 0.162109375 0.890625 0.177734375 0.880859375 0.189453125 0.87890625 0.185546875 0.890625 0.1796875 0.892578125 0.177734375 0.896484375 0.169921875 0.8984375 0.1640625 0.892578125
3 0.205078125 0.533203125 0.20703125 0.53515625 0.212890625 0.533203125 0.2109375 0.5390625 0.197265625 0.54296875 0.1875 0.541015625 0.1875 0.537109375 0.197265625 0.533203125 0.203125 0.533203125
3 0.140625 0.62109375 0.146484375 0.61328125 0.158203125 0.61328125 0.166015625 0.609375 0.171875 0.609375 0.173828125 0.611328125 0.166015625 0.62109375 0.142578125 0.62109375
3 0.984375 0.765625 0.9921875 0.763671875 0.9921875 0.77734375 0.98046875 0.771484375 0.984375 0.767578125
3 0.982421875 0.84375 0.9921875 0.841796875 0.9921875 0.85546875 0.990234375 0.857421875 0.98046875 0.8515625 0.982421875 0.845703125
3 0.08203125 0.9453125 0.080078125 0.947265625 0.072265625 0.947265625 0.06640625 0.953125 0.068359375 0.95703125 0.07421875 0.95703125 0.07421875 0.958984375 0.0625 0.9609375 0.056640625 0.966796875 0.052734375 0.966796875 0.052734375 0.95703125 0.068359375 0.947265625 0.080078125 0.947265625
3 0.923828125 0.61328125 0.931640625 0.62109375 0.9296875 0.623046875 0.931640625 0.626953125 0.921875 0.626953125 0.919921875 0.62890625 0.912109375 0.625 0.912109375 0.619140625 0.921875 0.61328125
3 0.947265625 0.814453125 0.953125 0.818359375 0.95703125 0.818359375 0.9609375 0.822265625 0.958984375 0.828125 0.947265625 0.8359375 0.935546875 0.83203125 0.93359375 0.828125 0.939453125 0.822265625 0.9375 0.818359375 0.939453125 0.81640625 0.9453125 0.81640625
3 0.064453125 0.88671875 0.06640625 0.880859375 0.078125 0.87890625 0.08203125 0.875 0.091796875 0.875 0.10546875 0.87109375 0.115234375 0.87109375 0.1171875 0.875 0.11328125 0.87890625 0.109375 0.87890625 0.103515625 0.8828125 0.09375 0.8828125 0.08984375 0.88671875 0.080078125 0.88671875 0.078125 0.888671875 0.076171875 0.88671875 0.06640625 0.88671875
3 0.17578125 0.654296875 0.189453125 0.65625 0.17578125 0.666015625 0.1640625 0.6640625 0.169921875 0.658203125 0.17578125 0.65625
3 0.1640625 0.87890625 0.169921875 0.880859375 0.16796875 0.884765625 0.158203125 0.890625 0.15234375 0.890625 0.142578125 0.8984375 0.1328125 0.8984375 0.130859375 0.89453125 0.1328125 0.88671875 0.140625 0.880859375 0.1484375 0.880859375 0.150390625 0.87890625 0.162109375 0.880859375
3 0.08984375 0.904296875 0.095703125 0.91015625 0.087890625 0.91796875 0.08203125 0.91796875 0.080078125 0.921875 0.064453125 0.921875 0.064453125 0.91796875 0.0703125 0.908203125 0.087890625 0.904296875
3 0.0859375 0.986328125 0.08984375 0.986328125 0.0859375 0.98828125 0.0859375 0.9921875 0.087890625 0.994140625 0.095703125 0.994140625 0.095703125 0.99609375 0.072265625 0.99609375 0.07421875 0.9921875 0.083984375 0.98828125