1 0.549885375 0.488475263671875 0.53794762109375 0.46873773828125 0.5219878046875 0.4589295390625 0.506097314453125 0.460343265625 0.489233017578125 0.472887662109375 0.47548630859375 0.497855330078125 0.469041548828125 0.5234618359375 0.46776598046875 0.55606317578125 0.475600521484375 0.586657580078125 0.485695455078125 0.6034299140625 0.50061213671875 0.613146849609375 0.518670046875 0.610988091796875 0.532161484375 0.600952576171875 0.546267462890625 0.577885650390625 0.55351190625 0.55515307421875 0.5561552109375 0.518932775390625 0.549885375 0.488475263671875
4 0.6767578125 0.197265625 0.01953125 0.02734375
4 0.671875 0.25390625 0.673828125 0.265625 0.671875 0.271484375 0.666015625 0.27734375 0.666015625 0.2890625 0.6640625 0.28515625 0.66015625 0.287109375 0.658203125 0.275390625 0.666015625 0.267578125 0.666015625 0.26171875 0.66796875 0.255859375 0.669921875 0.255859375
4 0.419921875 0.732421875 0.419921875 0.748046875 0.421875 0.75390625 0.41796875 0.755859375 0.416015625 0.765625 0.4140625 0.767578125 0.412109375 0.765625 0.40625 0.75390625 0.41015625 0.744140625 0.4140625 0.7421875 0.41796875 0.734375
4 0.146484375 0.17578125 0.15234375 0.171875 0.162109375 0.171875 0.1640625 0.173828125 0.162109375 0.19140625 0.158203125 0.1953125 0.15234375 0.1953125 0.150390625 0.193359375 0.146484375 0.185546875 0.146484375 0.177734375
4 0.71875 0.337890625 0.720703125 0.33984375 0.7265625 0.33984375 0.72265625 0.35546875 0.716796875 0.357421875 0.708984375 0.357421875 0.70703125 0.35546875 0.70703125 0.3515625 0.71875 0.33984375
4 0.751953125 0.251953125 0.748046875 0.240234375 0.75 0.234375 0.75390625 0.23046875 0.759765625 0.23046875 0.763671875 0.234375 0.763671875 0.23828125 0.751953125 0.25390625
4 0.1328125 0.181640625 0.13671875 0.1875 0.138671875 0.201171875 0.12890625 0.19921875 0.125 0.193359375 0.125 0.185546875 0.130859375 0.181640625
4 0.7265625 0.173828125 0.736328125 0.177734375 0.736328125 0.18359375 0.7265625 0.193359375 0.7265625 0.197265625 0.72265625 0.19921875 0.720703125 0.197265625 0.720703125 0.185546875 0.7265625 0.17578125
4 0.736328125 0.091796875 0.7421875 0.091796875 0.748046875 0.099609375 0.74609375 0.115234375 0.73828125 0.115234375 0.732421875 0.109375 0.732421875 0.099609375 0.736328125 0.09375
4 0.15625 0.150390625 0.1640625 0.171875 0.15625 0.171875 0.154296875 0.169921875 0.14453125 0.171875 0.130859375 0.166015625 0.130859375 0.16015625 0.134765625 0.15625 0.14453125 0.150390625 0.154296875 0.150390625
4 0.03125 0.1171875 0.03515625 0.1171875 0.0390625 0.123046875 0.046875 0.125 0.044921875 0.138671875 0.0390625 0.138671875 0.03125 0.1328125 0.03125 0.119140625