4 0.2216796875 0.21875 0.021484375 0.025390625
4 0.85546875 0.103515625 0.859375 0.1015625 0.86328125 0.107421875 0.859375 0.1171875 0.8515625 0.126953125 0.8515625 0.1328125 0.84375 0.13671875 0.83984375 0.13671875 0.8359375 0.1328125 0.84375 0.119140625 0.84375 0.115234375 0.85546875 0.10546875
4 0.861328125 0.064453125 0.861328125 0.080078125 0.857421875 0.0859375 0.8515625 0.087890625 0.84765625 0.080078125 0.84765625 0.0703125 0.853515625 0.064453125 0.859375 0.064453125
4 0.9765625 0.09375 0.978515625 0.095703125 0.978515625 0.109375 0.974609375 0.115234375 0.97265625 0.1171875 0.970703125 0.115234375 0.970703125 0.109375 0.96875 0.107421875 0.96875 0.099609375 0.974609375 0.095703125
4 0.251953125 0.4765625 0.259765625 0.474609375 0.263671875 0.478515625 0.267578125 0.48828125 0.267578125 0.49609375 0.265625 0.498046875 0.251953125 0.49609375 0.251953125 0.490234375 0.25 0.48828125 0.25 0.48046875 0.251953125 0.478515625
4 0.828125 0.099609375 0.837890625 0.087890625 0.83984375 0.08203125 0.845703125 0.078125 0.849609375 0.0859375 0.845703125 0.099609375 0.837890625 0.109375 0.833984375 0.109375 0.830078125 0.1015625
4 0.92578125 0 0.94921875 0 0.9453125 0.005859375 0.939453125 0.0078125 0.931640625 0.015625 0.927734375 0.015625 0.92578125 0.01171875 0.923828125 0.005859375 0.92578125 0.001953125
4 0.1953125 0.33984375 0.197265625 0.328125 0.201171875 0.32421875 0.2109375 0.32421875 0.2109375 0.33203125 0.208984375 0.333984375 0.2109375 0.341796875 0.20703125 0.34765625 0.201171875 0.34765625 0.197265625 0.33984375
4 0.80078125 0 0.806640625 0 0.8046875 0.009765625 0.80078125 0.0078125 0.80078125 0.001953125
4 0.32421875 0.271484375 0.3203125 0.26171875 0.3203125 0.25 0.326171875 0.24609375 0.328125 0.24609375 0.328125 0.251953125 0.33203125 0.26171875 0.330078125 0.26953125 0.326171875 0.271484375
4 0.953125 0 0.9609375 0 0.958984375 0.01171875 0.947265625 0.025390625 0.943359375 0.017578125 0.9453125 0.009765625 0.953125 0.001953125
4 0.25 0.388671875 0.01953125 0.021484375
4 0.232421875 0.349609375 0.2421875 0.357421875 0.244140625 0.361328125 0.2421875 0.369140625 0.234375 0.37109375 0.228515625 0.365234375 0.2265625 0.353515625 0.23046875 0.3515625
4 0.962890625 0 0.958984375 0.01171875 0.94921875 0.01953125 0.951171875 0.021484375 0.947265625 0.025390625 0.9453125 0.021484375 0.9453125 0.001953125 0.947265625 0.00390625 0.951171875 0 0.9609375 0
4 0.828125 0.099609375 0.849609375 0.068359375 0.853515625 0.064453125 0.859375 0.064453125 0.861328125 0.06640625 0.861328125 0.080078125 0.849609375 0.08984375 0.845703125 0.099609375 0.837890625 0.109375 0.833984375 0.109375 0.830078125 0.1015625