3 0.472916666015625 0.610185185546875 0.490625 0.613888888671875 0.50625 0.6055555546875 0.517708333984375 0.589814814453125 0.528125 0.560185185546875 0.5296875 0.52777777734375 0.525520833984375 0.5018518515625 0.5140625 0.47592592578125 0.4984375 0.462037037109375 0.4828125 0.459259259765625 0.466145833984375 0.467592591796875 0.452604166015625 0.486111111328125 0.44375 0.515740740234375 0.443229166015625 0.5518518515625 0.4484375 0.575 0.460416666015625 0.59907407421875 0.472916666015625 0.610185185546875
0 0.3515625 0.17578125 0.359375 0.18359375 0.359375 0.1953125 0.357421875 0.197265625 0.3515625 0.197265625 0.349609375 0.1953125 0.345703125 0.18359375 0.345703125 0.177734375 0.349609375 0.17578125
0 0.349609375 0.244140625 0.353515625 0.24609375 0.35546875 0.2578125 0.361328125 0.265625 0.359375 0.275390625 0.357421875 0.27734375 0.3515625 0.275390625 0.3515625 0.263671875 0.34765625 0.255859375 0.34765625 0.248046875 0.349609375 0.24609375
0 0.556640625 0.740234375 0.560546875 0.7421875 0.568359375 0.75390625 0.568359375 0.765625 0.560546875 0.7734375 0.5546875 0.7578125 0.556640625 0.755859375 0.556640625 0.7421875
0 0.86328125 0.205078125 0.865234375 0.20703125 0.873046875 0.20703125 0.876953125 0.2109375 0.876953125 0.21875 0.87109375 0.23046875 0.86328125 0.23046875 0.859375 0.224609375 0.859375 0.212890625 0.86328125 0.20703125
0 0.2890625 0.322265625 0.294921875 0.322265625 0.298828125 0.330078125 0.306640625 0.337890625 0.3046875 0.341796875 0.29296875 0.33984375 0.2890625 0.3359375 0.2890625 0.32421875
0 0.2734375 0.21484375 0.275390625 0.216796875 0.275390625 0.224609375 0.271484375 0.234375 0.26953125 0.234375 0.259765625 0.220703125 0.259765625 0.216796875 0.263671875 0.212890625 0.26953125 0.212890625 0.271484375 0.21484375
0 0.88671875 0.21875 0.89453125 0.21875 0.896484375 0.220703125 0.896484375 0.23046875 0.892578125 0.236328125 0.884765625 0.236328125 0.88671875 0.220703125
0 0.302734375 0.16015625 0.306640625 0.169921875 0.306640625 0.181640625 0.3046875 0.185546875 0.302734375 0.185546875 0.30078125 0.177734375 0.29296875 0.16796875 0.29296875 0.162109375 0.294921875 0.16015625 0.30078125 0.16015625
0 0.2890625 0.099609375 0.287109375 0.083984375 0.294921875 0.076171875 0.30078125 0.076171875 0.302734375 0.09375 0.296875 0.099609375 0.291015625 0.099609375
0 0.876953125 0.18359375 0.8828125 0.189453125 0.88671875 0.189453125 0.892578125 0.193359375 0.892578125 0.203125 0.88671875 0.20703125 0.875 0.20703125 0.87109375 0.205078125 0.86328125 0.208984375 0.861328125 0.20703125 0.861328125 0.19921875 0.8671875 0.193359375 0.8671875 0.189453125 0.875 0.18359375
0 0.9921875 0.1640625 0.998046875 0.1640625 0.998046875 0.17578125 0.990234375 0.181640625 0.98046875 0.18359375 0.98046875 0.171875 0.9921875 0.166015625