3 0.360571787109375 0.230676302734375 0.377901935546875 0.25180098828125 0.398145548828125 0.259534908203125 0.412725353515625 0.256231130859375 0.4244387578125 0.24542484375 0.4354841875 0.21980590625 0.438275365234375 0.1915160625 0.434910349609375 0.163206703125 0.424997123046875 0.135934478515625 0.41109475 0.115261447265625 0.38938344140625 0.101792611328125 0.372705578125 0.102445 0.3561500078125 0.117996462890625 0.34878638671875 0.13507575390625 0.34420448828125 0.162654654296875 0.344787783203125 0.18046440625 0.348714171875 0.201722912109375 0.360571787109375 0.230676302734375
0 0.869140625 0.34765625 0.873046875 0.349609375 0.875 0.357421875 0.865234375 0.369140625 0.859375 0.3671875 0.85546875 0.357421875 0.8671875 0.34765625
0 0.3427734375 0.5 0.015625 0.025390625
0 0.861328125 0.3125 0.86328125 0.314453125 0.869140625 0.314453125 0.873046875 0.322265625 0.87109375 0.330078125 0.8671875 0.333984375 0.86328125 0.333984375 0.857421875 0.32421875 0.857421875 0.318359375 0.861328125 0.314453125
0 0.966796875 0.2734375 0.970703125 0.27734375 0.97265625 0.30078125 0.974609375 0.302734375 0.96875 0.30078125 0.96875 0.291015625 0.966796875 0.2890625 0.96875 0.27734375 0.966796875 0.275390625
0 0.298828125 0.701171875 0.30078125 0.703125 0.3046875 0.701171875 0.310546875 0.705078125 0.3125 0.720703125 0.306640625 0.720703125 0.3046875 0.72265625 0.294921875 0.716796875 0.296875 0.703125
0 0.236328125 0.54296875 0.2421875 0.548828125 0.2421875 0.5546875 0.240234375 0.556640625 0.244140625 0.560546875 0.244140625 0.5703125 0.23828125 0.56640625 0.23828125 0.5625 0.234375 0.55859375 0.234375 0.544921875
0 0.234375 0.55859375 0.234375 0.544921875 0.23828125 0.541015625 0.2421875 0.54296875 0.251953125 0.560546875 0.24609375 0.568359375 0.240234375 0.568359375 0.236328125 0.55859375
0 0.294921875 0.5625 0.302734375 0.568359375 0.302734375 0.57421875 0.298828125 0.578125 0.298828125 0.58203125 0.29296875 0.5859375 0.287109375 0.580078125 0.2890625 0.576171875 0.2890625 0.564453125 0.29296875 0.564453125
0 0.23828125 0.4453125 0.244140625 0.44140625 0.25 0.44140625 0.255859375 0.4453125 0.2578125 0.447265625 0.255859375 0.455078125 0.248046875 0.4609375 0.240234375 0.45703125 0.240234375 0.447265625
0 0.279296875 0.6171875 0.291015625 0.609375 0.296875 0.6171875 0.294921875 0.626953125 0.283203125 0.625 0.28125 0.619140625
0 0.2421875 0.548828125 0.24609375 0.548828125 0.251953125 0.556640625 0.251953125 0.560546875 0.248046875 0.564453125 0.244140625 0.564453125 0.240234375 0.55859375 0.2421875 0.55078125
0 0.873046875 0.349609375 0.875 0.35546875 0.873046875 0.361328125 0.865234375 0.37109375 0.865234375 0.3828125 0.853515625 0.38671875 0.849609375 0.384765625 0.849609375 0.37109375 0.853515625 0.3671875 0.85546875 0.35546875 0.861328125 0.353515625 0.8671875 0.34765625 0.87109375 0.349609375