1 0.548425974609375 0.49029478125 0.53654983203125 0.47066649609375 0.52067288671875 0.460912279296875 0.504865244140625 0.462317677734375 0.488089205078125 0.474791908203125 0.474414880859375 0.499620517578125 0.4680044765625 0.525084638671875 0.4667365390625 0.557504908203125 0.474531173828125 0.587929658203125 0.484574009765625 0.60460916015625 0.49941325390625 0.614272591796875 0.517377001953125 0.612126365234375 0.53079783203125 0.602146982421875 0.544829609375 0.5792085703125 0.5520356171875 0.556602443359375 0.554664056640625 0.5205833515625 0.548425974609375 0.49029478125
4 0.677734375 0.189453125 0.6796875 0.19140625 0.6796875 0.197265625 0.671875 0.2109375 0.666015625 0.2109375 0.6640625 0.205078125 0.666015625 0.203125 0.666015625 0.197265625 0.67578125 0.189453125
4 0.669921875 0.2578125 0.671875 0.26953125 0.666015625 0.27734375 0.666015625 0.2890625 0.6640625 0.291015625 0.658203125 0.2890625 0.65625 0.279296875 0.6640625 0.26953125 0.6640625 0.263671875 0.66796875 0.259765625
4 0.4140625 0.767578125 0.40625 0.7578125 0.408203125 0.74609375 0.419921875 0.734375 0.419921875 0.75 0.421875 0.751953125 0.41796875 0.755859375 0.4140625 0.765625
4 0.162109375 0.173828125 0.1640625 0.193359375 0.16015625 0.19921875 0.15234375 0.19921875 0.146484375 0.185546875 0.1484375 0.177734375 0.16015625 0.17578125
4 0.71875 0.33984375 0.724609375 0.341796875 0.72265625 0.34375 0.72265625 0.35546875 0.71484375 0.359375 0.70703125 0.359375 0.705078125 0.357421875 0.716796875 0.341796875
4 0.75 0.255859375 0.74609375 0.24609375 0.74609375 0.23828125 0.751953125 0.234375 0.7578125 0.234375 0.76171875 0.23828125 0.76171875 0.2421875 0.75 0.25390625
4 0.13671875 0.185546875 0.138671875 0.203125 0.130859375 0.203125 0.126953125 0.197265625 0.126953125 0.1875 0.12890625 0.185546875 0.134765625 0.185546875
4 0.720703125 0.203125 0.71875 0.19921875 0.71875 0.1875 0.724609375 0.177734375 0.732421875 0.1796875 0.734375 0.185546875 0.724609375 0.197265625 0.72265625 0.203125
4 0.732421875 0.095703125 0.740234375 0.095703125 0.74609375 0.103515625 0.744140625 0.1171875 0.7421875 0.119140625 0.736328125 0.119140625 0.73046875 0.11328125 0.732421875 0.09765625
4 0.154296875 0.15234375 0.16015625 0.158203125 0.158203125 0.162109375 0.1640625 0.16796875 0.1640625 0.17578125 0.162109375 0.177734375 0.154296875 0.173828125 0.14453125 0.17578125 0.1328125 0.169921875 0.1328125 0.16015625 0.13671875 0.16015625 0.140625 0.15625 0.15234375 0.15234375
4 0.03125 0.12109375 0.048828125 0.130859375 0.046875 0.142578125 0.037109375 0.140625 0.029296875 0.1328125 0.03125 0.130859375 0.03125 0.123046875