1 0.494747517578125 0.47912328125 0.47748296484375 0.477585697265625 0.460143658203125 0.488246798828125 0.447174689453125 0.50970167578125 0.440364263671875 0.54280989453125 0.443237958984375 0.5821829453125 0.451109953125 0.60689453515625 0.4664367890625 0.631969921875 0.481095287109375 0.64287961328125 0.5007147109375 0.64522718359375 0.516920689453125 0.63466523828125 0.527887646484375 0.616433548828125 0.5363980625 0.5831766015625 0.535010552734375 0.547737572265625 0.5280072421875 0.519901947265625 0.513070640625 0.49276039453125 0.494747517578125 0.47912328125
4 0.302734375 0.1796875 0.310546875 0.18359375 0.318359375 0.193359375 0.318359375 0.201171875 0.314453125 0.205078125 0.30859375 0.205078125 0.302734375 0.19140625 0.302734375 0.185546875 0.30078125 0.18359375 0.302734375 0.181640625
4 0.3125 0.255859375 0.31640625 0.2578125 0.3203125 0.271484375 0.326171875 0.27734375 0.326171875 0.2890625 0.318359375 0.291015625 0.318359375 0.28125 0.310546875 0.26953125 0.310546875 0.259765625 0.3125 0.2578125
4 0.5859375 0.77734375 0.59765625 0.7890625 0.59765625 0.796875 0.599609375 0.798828125 0.599609375 0.8046875 0.59375 0.810546875 0.58984375 0.810546875 0.58984375 0.806640625 0.583984375 0.798828125 0.5859375 0.779296875
4 0.880859375 0.16796875 0.8828125 0.169921875 0.8828125 0.181640625 0.876953125 0.193359375 0.87109375 0.193359375 0.8671875 0.189453125 0.8671875 0.18359375 0.86328125 0.177734375 0.8671875 0.166015625 0.876953125 0.166015625 0.87890625 0.16796875
4 0.25390625 0.34765625 0.259765625 0.345703125 0.265625 0.35546875 0.2734375 0.361328125 0.2734375 0.3671875 0.26171875 0.3671875 0.25390625 0.359375 0.25390625 0.349609375
4 0.216796875 0.228515625 0.220703125 0.228515625 0.228515625 0.234375 0.228515625 0.24609375 0.2265625 0.248046875 0.2265625 0.25390625 0.224609375 0.25390625 0.21875 0.244140625 0.2109375 0.23828125 0.2109375 0.234375 0.216796875 0.23046875
4 0.892578125 0.1796875 0.900390625 0.17578125 0.90625 0.1796875 0.904296875 0.193359375 0.900390625 0.197265625 0.892578125 0.197265625 0.89453125 0.181640625
4 0.255859375 0.197265625 0.251953125 0.1875 0.2421875 0.177734375 0.2421875 0.171875 0.25 0.16796875 0.255859375 0.171875 0.259765625 0.185546875 0.259765625 0.193359375 0.2578125 0.1953125
4 0.240234375 0.076171875 0.244140625 0.078125 0.24609375 0.09765625 0.2421875 0.103515625 0.234375 0.10546875 0.232421875 0.09765625 0.228515625 0.09375 0.228515625 0.087890625 0.240234375 0.078125
4 0.875 0.140625 0.8984375 0.1484375 0.8984375 0.15625 0.900390625 0.158203125 0.896484375 0.1640625 0.890625 0.166015625 0.87890625 0.1640625 0.8671875 0.16796875 0.865234375 0.166015625 0.865234375 0.15625 0.875 0.142578125