3 0.736328125 0.5546875 0.740234375 0.5546875 0.740234375 0.55859375 0.74609375 0.564453125 0.75 0.57421875 0.75 0.583984375 0.74609375 0.5859375 0.740234375 0.5859375 0.73828125 0.583984375 0.734375 0.576171875 0.734375 0.55859375 0.736328125 0.556640625
3 0.849609375 0.388671875 0.85546875 0.380859375 0.861328125 0.37890625 0.869140625 0.37109375 0.875 0.37109375 0.876953125 0.373046875 0.875 0.384765625 0.873046875 0.390625 0.865234375 0.400390625 0.85546875 0.392578125 0.8515625 0.39453125 0.8515625 0.390625
3 0.54296875 0.88671875 0.546875 0.888671875 0.546875 0.892578125 0.55078125 0.8984375 0.548828125 0.900390625 0.55078125 0.904296875 0.548828125 0.9140625 0.54296875 0.91796875 0.541015625 0.90234375 0.5390625 0.900390625 0.54296875 0.888671875
3 0.697265625 0.376953125 0.701171875 0.37890625 0.703125 0.388671875 0.693359375 0.40234375 0.69140625 0.427734375 0.6875 0.431640625 0.6875 0.44140625 0.6796875 0.44140625 0.673828125 0.431640625 0.67578125 0.4296875 0.67578125 0.423828125 0.673828125 0.421875 0.67578125 0.4140625 0.681640625 0.408203125 0.681640625 0.404296875 0.689453125 0.39453125 0.689453125 0.390625 0.697265625 0.37890625
3 0.728515625 0.478515625 0.732421875 0.486328125 0.73828125 0.486328125 0.73828125 0.4921875 0.73046875 0.5078125 0.71484375 0.5078125 0.70703125 0.49609375 0.70703125 0.490234375 0.705078125 0.48828125 0.70703125 0.486328125 0.712890625 0.486328125 0.716796875 0.482421875 0.720703125 0.482421875 0.7265625 0.478515625
3 0.95703125 0.28125 0.962890625 0.279296875 0.96484375 0.283203125 0.966796875 0.2890625 0.966796875 0.30078125 0.96484375 0.3046875 0.9609375 0.306640625 0.95703125 0.3046875 0.943359375 0.306640625 0.943359375 0.294921875 0.9453125 0.291015625 0.95703125 0.283203125
3 0.892578125 0.37890625 0.90234375 0.373046875 0.91015625 0.373046875 0.91015625 0.3828125 0.900390625 0.396484375 0.90234375 0.408203125 0.8984375 0.40234375 0.896484375 0.404296875 0.89453125 0.416015625 0.890625 0.421875 0.888671875 0.41796875 0.890625 0.416015625 0.890625 0.40625 0.89453125 0.3984375 0.89453125 0.388671875 0.890625 0.384765625 0.892578125 0.380859375
3 0.73828125 0.4375 0.7421875 0.439453125 0.748046875 0.453125 0.744140625 0.470703125 0.740234375 0.470703125 0.736328125 0.466796875 0.734375 0.4609375 0.736328125 0.458984375 0.736328125 0.44140625 0.73828125 0.439453125
3 0.732421875 0.396484375 0.7421875 0.3828125 0.74609375 0.380859375 0.75 0.384765625 0.75 0.392578125 0.74609375 0.400390625 0.744140625 0.4140625 0.740234375 0.4140625 0.734375 0.3984375
3 0.828125 0.140625 0.8359375 0.13671875 0.841796875 0.140625 0.841796875 0.14453125 0.8359375 0.150390625 0.828125 0.15234375 0.818359375 0.16015625 0.81640625 0.16015625 0.818359375 0.150390625 0.828125 0.142578125
3 0.501953125 0.9296875 0.505859375 0.9296875 0.509765625 0.93359375 0.509765625 0.943359375 0.51171875 0.9453125 0.51171875 0.955078125 0.5078125 0.958984375 0.5 0.9609375 0.501953125 0.955078125 0.501953125 0.931640625
3 0.7239510995370371 0.5373046875 0.021383101851851882 0.03255208333333337
3 0.9158058449074074 0.41848958333333336 0.029195601851851882 0.033072916666666674
3 0.791015625 0.330078125 0.798828125 0.33984375 0.79296875 0.345703125 0.791015625 0.357421875 0.77734375 0.359375 0.78125 0.337890625 0.7890625 0.33203125
3 0.71875 0.44140625 0.720703125 0.447265625 0.720703125 0.466796875 0.71875 0.47265625 0.71484375 0.4765625 0.7109375 0.4765625 0.705078125 0.470703125 0.70703125 0.453125 0.716796875 0.443359375
3 0.83984375 0.4140625 0.845703125 0.416015625 0.845703125 0.419921875 0.849609375 0.423828125 0.849609375 0.4296875 0.84375 0.435546875 0.84375 0.439453125 0.83203125 0.447265625 0.826171875 0.435546875 0.833984375 0.42578125 0.837890625 0.416015625
3 0.91796875 0.072265625 0.919921875 0.07421875 0.91796875 0.0859375 0.904296875 0.099609375 0.900390625 0.095703125 0.896484375 0.1015625 0.892578125 0.1015625 0.892578125 0.09375 0.908203125 0.078125 0.916015625 0.07421875
3 0.71875 0.328125 0.72265625 0.333984375 0.72265625 0.33984375 0.720703125 0.341796875 0.720703125 0.349609375 0.712890625 0.36328125 0.708984375 0.357421875 0.70703125 0.34375 0.712890625 0.330078125 0.716796875 0.328125
3 0.037109375 0.0234375 0.041015625 0.021484375 0.046875 0.0234375 0.064453125 0.044921875 0.0625 0.05078125 0.052734375 0.05078125 0.04296875 0.046875 0.03515625 0.037109375 0.037109375 0.025390625
3 0.6796875 0.49609375 0.681640625 0.494140625 0.681640625 0.48828125 0.685546875 0.486328125 0.685546875 0.4921875 0.69140625 0.5 0.693359375 0.509765625 0.703125 0.51953125 0.703125 0.52734375 0.69921875 0.53515625 0.6953125 0.5390625 0.689453125 0.537109375 0.685546875 0.529296875 0.6875 0.52734375 0.685546875 0.5234375 0.685546875 0.501953125 0.681640625 0.498046875
3 0.2312919140625 0.12394547265625 0.221758783203125 0.1194573046875 0.210549552734375 0.133526234375 0.2093611875 0.143852880859375 0.212467611328125 0.14979423828125 0.220660435546875 0.15744598828125 0.23339191796875 0.15659722265625 0.231656759765625 0.137242798828125 0.233819634765625 0.129925412109375 0.2312919140625 0.12394547265625