3 0.302734375 0.701171875 0.30859375 0.712890625 0.306640625 0.71484375 0.306640625 0.720703125 0.30078125 0.7265625 0.291015625 0.71875 0.291015625 0.7109375 0.30078125 0.701171875
3 0.205078125 0.501953125 0.2109375 0.50390625 0.212890625 0.51171875 0.21875 0.517578125 0.21875 0.5234375 0.212890625 0.52734375 0.208984375 0.52734375 0.201171875 0.513671875 0.201171875 0.5078125 0.205078125 0.50390625
3 0.84375 0.720703125 0.84765625 0.72265625 0.853515625 0.734375 0.849609375 0.748046875 0.84375 0.751953125 0.83984375 0.75 0.837890625 0.7265625 0.841796875 0.72265625
3 0.255859375 0.21875 0.26171875 0.216796875 0.271484375 0.2265625 0.271484375 0.232421875 0.27734375 0.23828125 0.275390625 0.248046875 0.2734375 0.248046875 0.2578125 0.23046875 0.255859375 0.220703125
3 0.337890625 0.71484375 0.33984375 0.716796875 0.337890625 0.728515625 0.328125 0.73828125 0.322265625 0.736328125 0.3203125 0.720703125 0.322265625 0.716796875 0.3359375 0.71484375
3 0.302734375 0.6640625 0.30859375 0.66796875 0.310546875 0.666015625 0.31640625 0.66796875 0.314453125 0.671875 0.314453125 0.68359375 0.31640625 0.685546875 0.314453125 0.693359375 0.31640625 0.6953125 0.314453125 0.6953125 0.302734375 0.68359375 0.30078125 0.677734375 0.302734375 0.666015625
3 0.34765625 0.701171875 0.349609375 0.703125 0.349609375 0.712890625 0.341796875 0.71875 0.337890625 0.73046875 0.33203125 0.736328125 0.32421875 0.736328125 0.3203125 0.728515625 0.3203125 0.720703125 0.322265625 0.71875 0.330078125 0.716796875 0.33984375 0.70703125 0.34375 0.70703125 0.34765625 0.703125
3 0.302734375 0.6640625 0.30859375 0.66796875 0.310546875 0.666015625 0.31640625 0.66796875 0.314453125 0.671875 0.31640625 0.6796875 0.32421875 0.689453125 0.31640625 0.69921875 0.3125 0.697265625 0.3046875 0.6875 0.30078125 0.677734375 0.302734375 0.666015625
3 0.193359375 0.466796875 0.201171875 0.466796875 0.205078125 0.47265625 0.2109375 0.47265625 0.212890625 0.474609375 0.20703125 0.486328125 0.205078125 0.48828125 0.19921875 0.48828125 0.193359375 0.46875
3 0.30859375 0.62109375 0.314453125 0.619140625 0.314453125 0.625 0.3125 0.626953125 0.314453125 0.64453125 0.30859375 0.6484375 0.302734375 0.646484375 0.302734375 0.6328125 0.30078125 0.630859375 0.30859375 0.623046875
3 0.310546875 0.326171875 0.314453125 0.326171875 0.318359375 0.330078125 0.3203125 0.337890625 0.326171875 0.34375 0.326171875 0.349609375 0.3203125 0.3515625 0.306640625 0.3359375 0.310546875 0.328125
3 0.359375 0.560546875 0.36328125 0.5625 0.3671875 0.57421875 0.365234375 0.580078125 0.357421875 0.5859375 0.35546875 0.583984375 0.357421875 0.58203125 0.353515625 0.578125 0.353515625 0.564453125 0.357421875 0.5625
3 0.197265625 0.3203125 0.201171875 0.3203125 0.20703125 0.330078125 0.20703125 0.333984375 0.212890625 0.33984375 0.212890625 0.34375 0.20703125 0.3515625 0.20703125 0.359375 0.205078125 0.357421875 0.203125 0.349609375 0.193359375 0.33203125 0.193359375 0.326171875 0.197265625 0.322265625
3 0.3203125 0.576171875 0.326171875 0.58203125 0.330078125 0.595703125 0.318359375 0.607421875 0.3125 0.60546875 0.314453125 0.587890625 0.318359375 0.58203125 0.318359375 0.578125
3 0.330078125 0.642578125 0.3359375 0.650390625 0.333984375 0.654296875 0.337890625 0.66015625 0.337890625 0.669921875 0.330078125 0.677734375 0.326171875 0.677734375 0.322265625 0.671875 0.32421875 0.66796875 0.322265625 0.6640625 0.32421875 0.66015625 0.322265625 0.658203125 0.328125 0.64453125
3 0.365234375 0.607421875 0.369140625 0.6171875 0.369140625 0.6328125 0.373046875 0.63671875 0.373046875 0.65234375 0.37109375 0.654296875 0.373046875 0.6640625 0.369140625 0.671875 0.365234375 0.67578125 0.359375 0.67578125 0.361328125 0.671875 0.361328125 0.662109375 0.359375 0.66015625 0.361328125 0.634765625 0.359375 0.630859375 0.36328125 0.626953125 0.36328125 0.6171875 0.361328125 0.615234375 0.361328125 0.609375 0.36328125 0.609375
3 0.28125 0.716796875 0.283203125 0.72265625 0.28125 0.724609375 0.28125 0.734375 0.27734375 0.740234375 0.271484375 0.74609375 0.265625 0.74609375 0.263671875 0.740234375 0.265625 0.73828125 0.263671875 0.734375 0.267578125 0.728515625 0.27734375 0.724609375 0.28125 0.71875
3 0.224609375 0.544921875 0.23046875 0.548828125 0.23046875 0.5546875 0.234375 0.560546875 0.232421875 0.568359375 0.224609375 0.568359375 0.21875 0.55859375 0.21875 0.546875 0.22265625 0.544921875
3 0.2890625 0.51953125 0.291015625 0.509765625 0.29296875 0.5078125 0.298828125 0.5078125 0.3046875 0.515625 0.302734375 0.525390625 0.306640625 0.529296875 0.302734375 0.533203125 0.296875 0.533203125 0.291015625 0.51953125
3 0.162109375 0.412109375 0.1640625 0.4140625 0.16796875 0.412109375 0.177734375 0.423828125 0.177734375 0.439453125 0.1796875 0.44140625 0.17578125 0.44140625 0.171875 0.43359375 0.166015625 0.435546875 0.162109375 0.431640625 0.162109375 0.427734375 0.158203125 0.421875 0.158203125 0.416015625 0.16015625 0.4140625