0 0.0234375 0.13671875 0.03125 0.142578125 0.033203125 0.15234375 0.037109375 0.15625 0.037109375 0.162109375 0.0390625 0.1640625 0.0390625 0.17578125 0.037109375 0.1796875 0.02734375 0.1796875 0.025390625 0.181640625 0.01953125 0.17578125 0.01953125 0.16796875 0.021484375 0.166015625 0.01953125 0.162109375 0.0234375 0.158203125 0.021484375 0.140625 0.01953125 0.138671875 0.021484375 0.138671875
0 0.205078125 0.951171875 0.205078125 0.97265625 0.20703125 0.974609375 0.208984375 0.98828125 0.203125 0.98828125 0.201171875 0.990234375 0.185546875 0.974609375 0.1796875 0.95703125 0.1796875 0.951171875 0.1875 0.9453125 0.193359375 0.951171875 0.19921875 0.94921875 0.203125 0.951171875
0 0.19140625 0.884765625 0.1953125 0.884765625 0.197265625 0.888671875 0.1953125 0.892578125 0.1953125 0.8984375 0.197265625 0.900390625 0.193359375 0.912109375 0.19140625 0.9140625 0.185546875 0.9140625 0.181640625 0.91015625 0.18359375 0.892578125 0.19140625 0.88671875
0 0.53515625 0.755859375 0.541015625 0.7734375 0.5390625 0.78515625 0.53515625 0.78515625 0.53125 0.7734375 0.53125 0.759765625 0.533203125 0.7578125
0 0.470703125 0.8203125 0.474609375 0.828125 0.47265625 0.830078125 0.474609375 0.85546875 0.466796875 0.849609375 0.466796875 0.841796875 0.462890625 0.837890625 0.462890625 0.830078125 0.46875 0.822265625
0 0.205078125 0.06640625 0.212890625 0.064453125 0.220703125 0.07421875 0.220703125 0.080078125 0.216796875 0.083984375 0.2109375 0.083984375 0.20703125 0.08203125 0.203125 0.07421875 0.205078125 0.068359375
0 0 0.09765625 0.005859375 0.103515625 0.009765625 0.115234375 0 0.12109375 0 0.099609375
0 0.2265625 0.95703125 0.23046875 0.962890625 0.23046875 0.970703125 0.232421875 0.97265625 0.232421875 0.978515625 0.23046875 0.98046875 0.232421875 0.984375 0.232421875 0.998046875 0.22265625 0.998046875 0.220703125 0.99609375 0.220703125 0.98828125 0.22265625 0.986328125 0.220703125 0.984375 0.220703125 0.9765625 0.216796875 0.970703125 0.220703125 0.962890625 0.21875 0.958984375 0.224609375 0.95703125
0 0.41796875 0.818359375 0.421875 0.8203125 0.421875 0.826171875 0.423828125 0.828125 0.423828125 0.837890625 0.419921875 0.84375 0.416015625 0.841796875 0.4140625 0.826171875 0.41796875 0.8203125
0 0.203125 0.912109375 0.203125 0.91796875 0.20703125 0.923828125 0.20703125 0.94140625 0.197265625 0.94921875 0.19140625 0.9453125 0.189453125 0.935546875 0.193359375 0.9296875 0.193359375 0.912109375 0.1953125 0.90625 0.19921875 0.904296875 0.19921875 0.91015625 0.201171875 0.912109375
0 0.197265625 0.98828125 0.201171875 0.9921875 0.201171875 0.998046875 0.1875 0.998046875 0.189453125 0.9921875 0.1953125 0.98828125