3 0.810546875 0.869140625 0.8203125 0.873046875 0.828125 0.873046875 0.826171875 0.88671875 0.82421875 0.888671875 0.818359375 0.88671875 0.8046875 0.888671875 0.8046875 0.8828125 0.796875 0.876953125 0.796875 0.873046875 0.8046875 0.869140625 0.80859375 0.87109375
3 0.6831958912037037 0.7366536458333334 0.0380497685185186 0.027864583333333304
3 0.734375 0.708984375 0.73828125 0.708984375 0.7421875 0.734375 0.736328125 0.73828125 0.732421875 0.73828125 0.728515625 0.74609375 0.720703125 0.74609375 0.71484375 0.7421875 0.720703125 0.720703125 0.724609375 0.720703125 0.728515625 0.716796875 0.728515625 0.712890625 0.734375 0.7109375
3 0.7734375 0.736328125 0.775390625 0.7421875 0.765625 0.75 0.759765625 0.75 0.7578125 0.751953125 0.751953125 0.748046875 0.744140625 0.748046875 0.744140625 0.74609375 0.7578125 0.736328125 0.771484375 0.736328125
3 0.81640625 0.662109375 0.818359375 0.6640625 0.828125 0.6640625 0.8359375 0.673828125 0.84765625 0.677734375 0.849609375 0.68359375 0.845703125 0.68359375 0.841796875 0.6875 0.83984375 0.685546875 0.814453125 0.68359375 0.806640625 0.6796875 0.80078125 0.681640625 0.7890625 0.67578125 0.7890625 0.669921875 0.79296875 0.669921875 0.8046875 0.662109375 0.814453125 0.662109375
3 0.826171875 0.80859375 0.83984375 0.80859375 0.841796875 0.8125 0.845703125 0.8125 0.85546875 0.818359375 0.853515625 0.82421875 0.845703125 0.830078125 0.841796875 0.830078125 0.826171875 0.81640625 0.826171875 0.810546875
3 0.349609375 0.568359375 0.3515625 0.572265625 0.34375 0.578125 0.328125 0.580078125 0.326171875 0.58203125 0.32421875 0.578125 0.33203125 0.572265625 0.34765625 0.568359375
3 0.8828125 0.68359375 0.884765625 0.685546875 0.890625 0.685546875 0.892578125 0.68359375 0.89453125 0.685546875 0.900390625 0.685546875 0.904296875 0.6875 0.904296875 0.693359375 0.900390625 0.697265625 0.876953125 0.697265625 0.87109375 0.693359375 0.865234375 0.693359375 0.865234375 0.689453125 0.873046875 0.685546875 0.880859375 0.685546875
3 0.197265625 0.5390625 0.19921875 0.541015625 0.205078125 0.541015625 0.208984375 0.544921875 0.205078125 0.548828125 0.201171875 0.546875 0.1796875 0.552734375 0.1796875 0.546875 0.181640625 0.544921875 0.1953125 0.541015625
3 0.66015625 0.755859375 0.662109375 0.76171875 0.65625 0.771484375 0.640625 0.77734375 0.63671875 0.775390625 0.634765625 0.763671875 0.638671875 0.759765625 0.64453125 0.76171875 0.658203125 0.7578125
3 0.859375 0.763671875 0.86328125 0.767578125 0.8671875 0.763671875 0.873046875 0.767578125 0.87890625 0.767578125 0.8828125 0.771484375 0.8828125 0.77734375 0.876953125 0.78125 0.87109375 0.77734375 0.84765625 0.77734375 0.853515625 0.771484375 0.849609375 0.767578125 0.845703125 0.767578125 0.8515625 0.763671875 0.857421875 0.763671875
3 0.740234375 0.681640625 0.74609375 0.68359375 0.732421875 0.697265625 0.728515625 0.697265625 0.72265625 0.701171875 0.716796875 0.701171875 0.705078125 0.712890625 0.6953125 0.7109375 0.69140625 0.705078125 0.705078125 0.6953125 0.7109375 0.6953125 0.73828125 0.68359375
3 0.768627025462963 0.9287109375 0.04260706018518523 0.045703124999999956
3 0.37890625 0.60546875 0.3828125 0.609375 0.375 0.615234375 0.361328125 0.619140625 0.35546875 0.619140625 0.353515625 0.6171875 0.359375 0.615234375 0.361328125 0.611328125 0.369140625 0.607421875 0.376953125 0.607421875
3 0.74609375 0.720703125 0.744140625 0.712890625 0.75390625 0.70703125 0.775390625 0.705078125 0.78125 0.7109375 0.78125 0.71484375 0.77734375 0.71484375 0.771484375 0.71875 0.765625 0.71875 0.755859375 0.72265625 0.75 0.72265625 0.748046875 0.720703125 0.74609375 0.72265625
3 0.826171875 0.724609375 0.828125 0.7265625 0.84375 0.728515625 0.845703125 0.732421875 0.83203125 0.7421875 0.830078125 0.740234375 0.822265625 0.740234375 0.81640625 0.736328125 0.814453125 0.728515625 0.82421875 0.724609375