0 0.0546875 0.1103515625 0.0234375 0.03515625
0 0.216796875 0.16015625 0.017578125 0.03125
0 0.2216796875 0.115234375 0.017578125 0.02734375
0 0.21875 0 0.22265625 0 0.23046875 0.009765625 0.236328125 0.009765625 0.23828125 0.01171875 0.244140625 0.02734375 0.244140625 0.037109375 0.240234375 0.044921875 0.236328125 0.044921875 0.224609375 0.03515625 0.220703125 0.03125 0.220703125 0.025390625 0.216796875 0.01953125 0.216796875 0.013671875 0.220703125 0.009765625 0.220703125 0.00390625 0.21875 0.001953125
0 0.12109375 0 0.125 0 0.12890625 0.005859375 0.140625 0.03125 0.140625 0.037109375 0.13671875 0.033203125 0.134765625 0.03515625 0.134765625 0.041015625 0.130859375 0.04296875 0.130859375 0.033203125 0.126953125 0.025390625 0.126953125 0.01953125 0.1171875 0.0078125 0.1171875 0.00390625 0.12109375 0.001953125
0 0.185546875 0.11328125 0.18359375 0.109375 0.18359375 0.091796875 0.1875 0.083984375 0.193359375 0.087890625 0.1953125 0.09375 0.193359375 0.109375 0.189453125 0.115234375 0.1875 0.11328125
0 0.203125 0.111328125 0.208984375 0.109375 0.212890625 0.1171875 0.2109375 0.134765625 0.20703125 0.138671875 0.203125 0.138671875 0.1953125 0.130859375 0.201171875 0.123046875 0.201171875 0.115234375 0.203125 0.11328125
0 0.4677734375 0.3671875 0.01171875 0.03125
0 0.423828125 0.34375 0.4296875 0.345703125 0.4296875 0.361328125 0.42578125 0.369140625 0.421875 0.36328125 0.421875 0.34765625 0.423828125 0.345703125
0 0.537109375 0.45703125 0.544921875 0.46484375 0.544921875 0.470703125 0.541015625 0.474609375 0.541015625 0.48046875 0.537109375 0.484375 0.533203125 0.474609375 0.533203125 0.462890625 0.53515625 0.458984375
0 0.19921875 0.205078125 0.197265625 0.201171875 0.197265625 0.185546875 0.203125 0.1796875 0.208984375 0.185546875 0.208984375 0.19921875 0.2109375 0.203125 0.208984375 0.20703125 0.20703125 0.205078125 0.201171875 0.205078125
0 0 0.94140625 0.005859375 0.94921875 0.005859375 0.9609375 0 0.970703125 0 0.943359375
0 0.244140625 0.0859375 0.248046875 0.087890625 0.248046875 0.1328125 0.2421875 0.142578125 0.236328125 0.140625 0.234375 0.13671875 0.234375 0.125 0.23828125 0.12109375 0.23828125 0.103515625 0.244140625 0.087890625
0 0.173828125 0.017578125 0.18359375 0.037109375 0.18359375 0.04296875 0.1796875 0.041015625 0.173828125 0.048828125 0.171875 0.044921875 0.171875 0.03125 0.16796875 0.025390625 0.16796875 0.01953125 0.171875 0.017578125
0 0.005859375 0.126953125 0.009765625 0.13671875 0.009765625 0.14453125 0.00390625 0.158203125 0 0.16015625 0 0.138671875 0.00390625 0.13671875 0.005859375 0.12890625
0 0.21875 0.0703125 0.220703125 0.07421875 0.220703125 0.1015625 0.21484375 0.1015625 0.212890625 0.103515625 0.20703125 0.087890625 0.20703125 0.0703125 0.208984375 0.068359375 0.21484375 0.068359375 0.216796875 0.0703125
0 0.0302734375 0.9072265625 0.02734375 0.05078125