3 0.48963296484375 0.3832512734375 0.4748339375 0.384286123046875 0.460716125 0.39506280859375 0.448443875 0.416478857421875 0.442541466796875 0.442344220703125 0.4436219921875 0.481426548828125 0.450121796875 0.50348782421875 0.462855201171875 0.52805004296875 0.4797722734375 0.541551294921875 0.499776796875 0.54406823046875 0.516087056640625 0.533138234375 0.52966303515625 0.506736283203125 0.53481296875 0.477986697265625 0.5332493125 0.44774867578125 0.525860787109375 0.420854810546875 0.512099283203125 0.3973434296875 0.48963296484375 0.3832512734375
0 0.056640625 0.1064453125 0.017578125 0.02734375
0 0.609375 0.158203125 0.61328125 0.158203125 0.6171875 0.162109375 0.611328125 0.197265625 0.607421875 0.193359375 0.607421875 0.17578125 0.60546875 0.173828125 0.609375 0.16015625
0 0.4453125 0.640625 0.447265625 0.654296875 0.44921875 0.65625 0.447265625 0.66015625 0.443359375 0.66015625 0.435546875 0.65234375 0.4375 0.642578125 0.443359375 0.640625
0 0.697265625 0.12109375 0.701171875 0.123046875 0.701171875 0.140625 0.697265625 0.146484375 0.6953125 0.162109375 0.69140625 0.1640625 0.685546875 0.15625 0.685546875 0.15234375 0.69140625 0.142578125 0.69140625 0.130859375 0.6953125 0.123046875
0 0.66015625 0.07421875 0.666015625 0.072265625 0.671875 0.072265625 0.673828125 0.07421875 0.671875 0.0859375 0.662109375 0.095703125 0.66015625 0.1015625 0.65625 0.087890625 0.66015625 0.083984375 0.66015625 0.076171875
0 0.078125 0.10546875 0.0859375 0.11328125 0.0859375 0.123046875 0.08984375 0.126953125 0.08984375 0.134765625 0.091796875 0.13671875 0.08984375 0.138671875 0.076171875 0.12890625 0.068359375 0.1171875 0.068359375 0.111328125 0.06640625 0.109375 0.0703125 0.10546875 0.076171875 0.10546875
0 0.666015625 0.263671875 0.66796875 0.26171875 0.66796875 0.255859375 0.67578125 0.244140625 0.67578125 0.240234375 0.677734375 0.23828125 0.68359375 0.23828125 0.681640625 0.255859375 0.671875 0.267578125 0.66796875 0.265625
0 0.6025390625 0.0888671875 0.015625 0.025390625
0 0.052734375 0.1171875 0.056640625 0.119140625 0.05859375 0.1328125 0.06640625 0.142578125 0.06640625 0.150390625 0.064453125 0.15234375 0.044921875 0.1328125 0.044921875 0.123046875 0.05078125 0.1171875
0 0.669921875 0 0.673828125 0.00390625 0.673828125 0.009765625 0.669921875 0.017578125 0.6640625 0.01953125 0.658203125 0.01171875 0.65625 0 0.66796875 0
0 0.068359375 0.08203125 0.07421875 0.087890625 0.078125 0.103515625 0.072265625 0.103515625 0.064453125 0.09375 0.0625 0.083984375 0.06640625 0.08203125