4 0.7265625 0.6982421875 0.017578125 0.0263671875
4 0.8046875 0.51953125 0.80859375 0.517578125 0.81640625 0.505859375 0.8203125 0.5078125 0.822265625 0.513671875 0.8203125 0.5234375 0.814453125 0.53125 0.8046875 0.521484375
4 0.2060546875 0.6513671875 0.015625 0.03125
4 0.76953125 0.224609375 0.7734375 0.228515625 0.7734375 0.236328125 0.767578125 0.24609375 0.76171875 0.248046875 0.759765625 0.251953125 0.755859375 0.251953125 0.75390625 0.248046875 0.759765625 0.232421875 0.767578125 0.2265625
4 0.697265625 0.70703125 0.0205078125 0.0263671875
4 0.712890625 0.650390625 0.720703125 0.654296875 0.724609375 0.650390625 0.724609375 0.666015625 0.712890625 0.677734375 0.708984375 0.677734375 0.712890625 0.67578125 0.7109375 0.669921875 0.7109375 0.654296875 0.712890625 0.65234375
4 0.677734375 0.681640625 0.689453125 0.6875 0.6953125 0.697265625 0.705078125 0.701171875 0.705078125 0.712890625 0.703125 0.716796875 0.701171875 0.71875 0.6953125 0.716796875 0.689453125 0.708984375 0.685546875 0.697265625 0.677734375 0.69140625 0.677734375 0.68359375
4 0.712890625 0.650390625 0.720703125 0.654296875 0.724609375 0.650390625 0.724609375 0.666015625 0.72265625 0.671875 0.712890625 0.681640625 0.70703125 0.681640625 0.703125 0.67578125 0.703125 0.671875 0.7109375 0.662109375 0.7109375 0.654296875 0.712890625 0.65234375
4 0.828125 0.47265625 0.830078125 0.474609375 0.830078125 0.48046875 0.82421875 0.494140625 0.818359375 0.494140625 0.8125 0.478515625 0.814453125 0.4765625 0.818359375 0.478515625 0.826171875 0.47265625
4 0.71875 0.6201171875 0.013671875 0.0302734375
4 0.70703125 0.345703125 0.70703125 0.337890625 0.7109375 0.33203125 0.7109375 0.328125 0.71484375 0.32421875 0.720703125 0.32421875 0.72265625 0.3359375 0.7109375 0.34765625 0.708984375 0.345703125
4 0.669921875 0.5556640625 0.0146484375 0.0263671875
4 0.033203125 0.701171875 0.03515625 0.703125 0.03515625 0.708984375 0.02734375 0.71875 0.01171875 0.7265625 0.005859375 0.7265625 0.00390625 0.724609375 0.00390625 0.712890625 0.0078125 0.70703125 0.029296875 0.70703125 0.033203125 0.703125
4 0.82421875 0.333984375 0.830078125 0.333984375 0.830078125 0.3515625 0.82421875 0.357421875 0.818359375 0.369140625 0.818359375 0.361328125 0.814453125 0.353515625 0.818359375 0.341796875 0.82421875 0.3359375
4 0.708984375 0.564453125 0.708984375 0.5703125 0.712890625 0.57421875 0.712890625 0.58203125 0.71484375 0.583984375 0.71484375 0.591796875 0.712890625 0.59375 0.708984375 0.59375 0.69921875 0.580078125 0.69921875 0.57421875 0.703125 0.56640625 0.70703125 0.564453125
4 0.6953125 0.626953125 0.69921875 0.62890625 0.705078125 0.642578125 0.705078125 0.654296875 0.703125 0.658203125 0.701171875 0.66015625 0.6953125 0.658203125 0.69140625 0.650390625 0.69140625 0.63671875 0.6953125 0.62890625
4 0.6640625 0.587890625 0.66796875 0.58984375 0.666015625 0.60546875 0.66796875 0.607421875 0.66796875 0.6484375 0.669921875 0.650390625 0.66796875 0.654296875 0.6640625 0.654296875 0.658203125 0.64453125 0.658203125 0.61328125 0.66015625 0.611328125 0.662109375 0.591796875 0.6640625 0.58984375
4 0.744140625 0.705078125 0.744140625 0.708984375 0.75 0.71484375 0.755859375 0.716796875 0.759765625 0.724609375 0.759765625 0.73046875 0.7578125 0.732421875 0.751953125 0.732421875 0.748046875 0.728515625 0.744140625 0.720703125 0.7421875 0.70703125
4 0.80078125 0.544921875 0.806640625 0.55078125 0.80078125 0.568359375 0.79296875 0.568359375 0.791015625 0.56640625 0.791015625 0.55859375 0.794921875 0.552734375 0.794921875 0.548828125 0.798828125 0.546875
4 0.734375 0.5 0.73828125 0.50390625 0.73828125 0.509765625 0.734375 0.521484375 0.73046875 0.525390625 0.724609375 0.5234375 0.724609375 0.50390625 0.732421875 0.5
4 0.85546875 0.447265625 0.849609375 0.4453125 0.845703125 0.451171875 0.84375 0.44921875 0.84765625 0.431640625 0.85546875 0.42578125 0.861328125 0.42578125 0.865234375 0.4296875 0.865234375 0.435546875 0.861328125 0.443359375 0.857421875 0.4453125