0 0.466796875 0 0.48046875 0 0.474609375 0.021484375 0.470703125 0.013671875 0.46875 0.001953125
0 0.595703125 0.84375 0.60546875 0.849609375 0.603515625 0.8515625 0.603515625 0.857421875 0.60546875 0.859375 0.6015625 0.865234375 0.595703125 0.869140625 0.587890625 0.869140625 0.5859375 0.8671875 0.5859375 0.857421875 0.59375 0.845703125
0 0.654296875 0.689453125 0.662109375 0.689453125 0.662109375 0.6953125 0.66015625 0.697265625 0.6640625 0.701171875 0.66796875 0.697265625 0.671875 0.705078125 0.66796875 0.7109375 0.658203125 0.712890625 0.65234375 0.69921875 0.65234375 0.693359375 0.654296875 0.69140625
0 0.01953125 0.5 0.02734375 0.50390625 0.025390625 0.5078125 0.03125 0.515625 0.01953125 0.529296875 0.013671875 0.529296875 0.01171875 0.52734375 0.01171875 0.515625 0.01953125 0.501953125
0 0.658203125 0.576171875 0.666015625 0.58203125 0.6640625 0.59765625 0.66015625 0.599609375 0.6484375 0.587890625 0.650390625 0.578125 0.654296875 0.580078125 0.65625 0.578125
0 0.00390625 0.486328125 0.005859375 0.48828125 0.013671875 0.48828125 0.01953125 0.494140625 0.015625 0.50390625 0.01171875 0.50390625 0.005859375 0.5078125 0 0.505859375 0 0.490234375 0.001953125 0.48828125
0 0.900390625 0.802734375 0.904296875 0.8046875 0.904296875 0.814453125 0.900390625 0.81640625 0.900390625 0.82421875 0.8984375 0.828125 0.892578125 0.828125 0.890625 0.82421875 0.892578125 0.822265625 0.892578125 0.814453125 0.896484375 0.8125 0.896484375 0.806640625 0.900390625 0.8046875
0 0.61328125 0.751953125 0.61328125 0.7578125 0.619140625 0.763671875 0.619140625 0.771484375 0.6171875 0.7734375 0.611328125 0.7734375 0.60546875 0.76953125 0.60546875 0.7578125 0.611328125 0.751953125
0 0 0.521484375 0.001953125 0.5234375 0.0078125 0.5234375 0.015625 0.53125 0.017578125 0.5390625 0.02734375 0.544921875 0.0078125 0.556640625 0.001953125 0.5546875 0 0.5234375
0 0.5703125 0.658203125 0.5625 0.646484375 0.5625 0.640625 0.56640625 0.634765625 0.572265625 0.62890625 0.576171875 0.630859375 0.57421875 0.6328125 0.576171875 0.634765625 0.57421875 0.640625 0.57421875 0.646484375 0.576171875 0.6484375 0.572265625 0.65625
0 0.578125 0.701171875 0.58203125 0.701171875 0.583984375 0.705078125 0.587890625 0.705078125 0.587890625 0.71484375 0.58984375 0.716796875 0.58984375 0.724609375 0.5859375 0.728515625 0.5859375 0.732421875 0.58203125 0.734375 0.580078125 0.7265625 0.572265625 0.716796875 0.57421875 0.71484375 0.572265625 0.7109375 0.578125 0.703125
3 0.508434283203125 0.393902310546875 0.521607515625 0.387275046875 0.54156594140625 0.365330337890625 0.553934451171875 0.337582421875 0.56096425390625 0.30450980859375 0.560738125 0.27513230078125 0.552130466796875 0.249210642578125 0.539491140625 0.233954310546875 0.521907564453125 0.228121845703125 0.503456103515625 0.234674666015625 0.48590142578125 0.250845427734375 0.4698668125 0.282004009765625 0.46171141015625 0.314837369140625 0.461724513671875 0.345217078125 0.468993546875 0.371901681640625 0.482332427734375 0.389401669921875 0.495200572265625 0.395279318359375 0.508434283203125 0.393902310546875