1 0.479166666015625 0.5268518515625 0.497916666015625 0.5231481484375 0.513020833984375 0.509259259765625 0.5234375 0.485185185546875 0.528125 0.463888888671875 0.5265625 0.4268518515625 0.519270833984375 0.40277777734375 0.50625 0.383333333984375 0.4921875 0.37407407421875 0.478125 0.37407407421875 0.4578125 0.388888888671875 0.446354166015625 0.412037037109375 0.441145833984375 0.437962962890625 0.441666666015625 0.466666666015625 0.4484375 0.493518517578125 0.463020833984375 0.517592591796875 0.479166666015625 0.5268518515625
4 0.865234375 0.095703125 0.86328125 0.09375 0.86328125 0.08203125 0.865234375 0.078125 0.873046875 0.072265625 0.876953125 0.080078125 0.873046875 0.091796875 0.8671875 0.09375
4 0.12890625 0.970703125 0.134765625 0.974609375 0.134765625 0.98828125 0.130859375 0.994140625 0.12109375 0.990234375 0.123046875 0.97265625 0.126953125 0.970703125
4 0.349609375 0.20703125 0.345703125 0.1953125 0.345703125 0.1875 0.341796875 0.181640625 0.341796875 0.171875 0.345703125 0.16796875 0.349609375 0.171875 0.349609375 0.177734375 0.3515625 0.1796875 0.3515625 0.203125 0.349609375 0.205078125
4 0.53515625 0.615234375 0.5390625 0.615234375 0.544921875 0.62109375 0.544921875 0.625 0.537109375 0.634765625 0.53515625 0.6328125 0.53515625 0.6171875
4 0.26171875 0.140625 0.267578125 0.14453125 0.267578125 0.158203125 0.275390625 0.16796875 0.275390625 0.173828125 0.26953125 0.1796875 0.265625 0.177734375 0.265625 0.16796875 0.259765625 0.158203125 0.259765625 0.14453125 0.26171875 0.142578125
4 0.29296875 0.091796875 0.294921875 0.09375 0.294921875 0.103515625 0.298828125 0.107421875 0.296875 0.119140625 0.28125 0.1015625 0.28125 0.095703125 0.28515625 0.091796875 0.291015625 0.091796875
4 0.84765625 0.099609375 0.0234375 0.03515625
4 0.283203125 0.25 0.2890625 0.25 0.291015625 0.251953125 0.294921875 0.263671875 0.30078125 0.26953125 0.30078125 0.2734375 0.294921875 0.275390625 0.28515625 0.265625 0.283203125 0.251953125
4 0.099609375 0.984375 0.09765625 0.9765625 0.1015625 0.96484375 0.107421875 0.96484375 0.111328125 0.970703125 0.109375 0.986328125 0.103515625 0.986328125 0.1015625 0.984375
4 0.34765625 0.091796875 0.35546875 0.095703125 0.35546875 0.1015625 0.357421875 0.103515625 0.357421875 0.111328125 0.3515625 0.11328125 0.345703125 0.103515625 0.34765625 0.09375
4 0.859375 0.123046875 0.865234375 0.11328125 0.869140625 0.095703125 0.87109375 0.09375 0.876953125 0.09375 0.87890625 0.09765625 0.876953125 0.11328125 0.8671875 0.12109375 0.865234375 0.126953125 0.861328125 0.125
4 0.2861328125 0.0302734375 0.017578125 0.025390625
4 0.978515625 0.025390625 0.978515625 0.005859375 0.982421875 0 0.99609375 0 0.99609375 0.009765625 0.998046875 0.01171875 0.99609375 0.013671875 0.9921875 0.01171875 0.986328125 0.013671875 0.982421875 0.017578125 0.98046875 0.025390625
4 0.845703125 0.083984375 0.849609375 0.068359375 0.853515625 0.0625 0.859375 0.0625 0.861328125 0.064453125 0.861328125 0.0703125 0.85546875 0.076171875 0.853515625 0.08203125 0.84765625 0.083984375