4 0.73046875 0.625 0.732421875 0.630859375 0.73828125 0.63671875 0.73828125 0.640625 0.7421875 0.646484375 0.7421875 0.65234375 0.73828125 0.65625 0.734375 0.65625 0.73046875 0.65234375 0.728515625 0.646484375 0.728515625 0.626953125
4 0.82421875 0.478515625 0.841796875 0.46875 0.845703125 0.470703125 0.84375 0.484375 0.837890625 0.494140625 0.833984375 0.494140625 0.830078125 0.48828125 0.82421875 0.490234375 0.82421875 0.48046875
4 0.572265625 0.9140625 0.580078125 0.931640625 0.578125 0.94140625 0.57421875 0.9453125 0.572265625 0.94140625 0.5703125 0.916015625
4 0.68359375 0.46484375 0.6875 0.466796875 0.689453125 0.474609375 0.68359375 0.48046875 0.681640625 0.486328125 0.6796875 0.51953125 0.673828125 0.51953125 0.671875 0.521484375 0.66796875 0.517578125 0.666015625 0.50390625 0.6640625 0.501953125 0.669921875 0.494140625 0.6796875 0.470703125 0.68359375 0.466796875
4 0.6953125 0.564453125 0.70703125 0.5625 0.716796875 0.556640625 0.71875 0.5625 0.72265625 0.56640625 0.7265625 0.56640625 0.7265625 0.572265625 0.720703125 0.583984375 0.70703125 0.583984375 0.703125 0.580078125 0.697265625 0.56640625
4 0.900390625 0.4140625 0.90234375 0.40234375 0.916015625 0.392578125 0.919921875 0.39453125 0.923828125 0.404296875 0.921875 0.412109375 0.91796875 0.416015625 0.912109375 0.412109375 0.90234375 0.4140625
4 0.869140625 0.50390625 0.8671875 0.5 0.86328125 0.50390625 0.86328125 0.51171875 0.859375 0.515625 0.859375 0.5 0.86328125 0.494140625 0.86328125 0.486328125 0.859375 0.48046875 0.87109375 0.47265625 0.875 0.474609375 0.875 0.484375 0.8671875 0.498046875 0.869140625 0.501953125
4 0.724609375 0.521484375 0.728515625 0.5234375 0.728515625 0.52734375 0.732421875 0.533203125 0.73046875 0.55078125 0.724609375 0.548828125 0.72265625 0.544921875 0.72265625 0.525390625 0.724609375 0.5234375
4 0.7265625 0.46875 0.732421875 0.4765625 0.728515625 0.48828125 0.728515625 0.498046875 0.7265625 0.5 0.720703125 0.494140625 0.716796875 0.482421875 0.724609375 0.474609375 0.724609375 0.470703125
4 0.78125 0.265625 0.79296875 0.255859375 0.798828125 0.255859375 0.80078125 0.2578125 0.80078125 0.263671875 0.796875 0.267578125 0.7890625 0.26953125 0.78125 0.275390625 0.779296875 0.275390625 0.779296875 0.26953125 0.78125 0.267578125
4 0.537109375 0.94921875 0.541015625 0.951171875 0.544921875 0.958984375 0.544921875 0.970703125 0.546875 0.97265625 0.544921875 0.978515625 0.537109375 0.98046875 0.537109375 0.951171875
4 0.71875 0.59765625 0.724609375 0.609375 0.724609375 0.6171875 0.720703125 0.623046875 0.71484375 0.623046875 0.708984375 0.615234375 0.708984375 0.60546875 0.716796875 0.59765625
4 0.890625 0.501953125 0.89453125 0.51171875 0.89453125 0.51953125 0.888671875 0.52734375 0.8828125 0.52734375 0.87890625 0.51953125 0.87109375 0.515625 0.87890625 0.50390625 0.888671875 0.501953125
4 0.765625 0.427734375 0.771484375 0.431640625 0.771484375 0.439453125 0.767578125 0.443359375 0.767578125 0.44921875 0.76171875 0.455078125 0.75390625 0.451171875 0.75390625 0.447265625 0.7578125 0.44140625 0.7578125 0.431640625 0.763671875 0.4296875
4 0.7021484375 0.5390625 0.015625 0.0322265625
4 0.8125 0.5078125 0.81640625 0.5078125 0.82421875 0.515625 0.818359375 0.53125 0.80859375 0.53515625 0.8046875 0.529296875 0.8046875 0.51953125 0.810546875 0.515625 0.8125 0.509765625
4 0.8671875 0.203125 0.869140625 0.208984375 0.86328125 0.21875 0.85546875 0.2265625 0.8515625 0.22265625 0.84765625 0.228515625 0.845703125 0.228515625 0.84765625 0.216796875 0.859375 0.205078125 0.865234375 0.203125
4 0.701171875 0.421875 0.705078125 0.4296875 0.697265625 0.451171875 0.6953125 0.451171875 0.69140625 0.443359375 0.69140625 0.431640625 0.6953125 0.427734375 0.6953125 0.423828125 0.69921875 0.421875
4 0.07421875 0.103515625 0.09375 0.126953125 0.09375 0.130859375 0.078125 0.12890625 0.068359375 0.119140625 0.068359375 0.10546875 0.072265625 0.103515625
4 0.67578125 0.560546875 0.681640625 0.568359375 0.689453125 0.587890625 0.6953125 0.591796875 0.6953125 0.60546875 0.69140625 0.609375 0.6875 0.609375 0.68359375 0.60546875 0.6796875 0.591796875 0.6796875 0.576171875 0.673828125 0.568359375 0.67578125 0.5625
4 0.252604166015625 0.237037037109375 0.25 0.2194444453125 0.2515625 0.212962962890625 0.248958333984375 0.207407408203125 0.240104166015625 0.20277777734375 0.230729166015625 0.214814814453125 0.230208333984375 0.22407407421875 0.233333333984375 0.22962962890625 0.241145833984375 0.237037037109375 0.252604166015625 0.237037037109375