1 0.60546875 0.23828125 0.599609375 0.2265625 0.599609375 0.205078125 0.60546875 0.193359375 0.611328125 0.1875 0.62890625 0.1796875 0.64453125 0.1796875 0.658203125 0.17578125 0.6640625 0.17578125 0.66796875 0.18359375 0.669921875 0.2109375 0.666015625 0.216796875 0.662109375 0.220703125 0.658203125 0.220703125 0.65234375 0.224609375 0.646484375 0.224609375 0.634765625 0.23046875 0.626953125 0.23046875 0.61328125 0.240234375 0.607421875 0.23828125
1 0.41796875 0 0.484375 0 0.484375 0.005859375 0.4765625 0.017578125 0.47265625 0.01953125 0.46875 0.017578125 0.44921875 0.01953125 0.4375 0.025390625 0.435546875 0.029296875 0.4296875 0.029296875 0.42578125 0.025390625 0.421875 0.025390625 0.41796875 0.017578125 0.41796875 0.001953125
1 0.65625 0.095703125 0.662109375 0.099609375 0.666015625 0.109375 0.666015625 0.125 0.66796875 0.126953125 0.66796875 0.146484375 0.666015625 0.150390625 0.650390625 0.162109375 0.6484375 0.16015625 0.638671875 0.16015625 0.623046875 0.166015625 0.611328125 0.166015625 0.603515625 0.173828125 0.595703125 0.169921875 0.591796875 0.1640625 0.58984375 0.138671875 0.59375 0.125 0.60546875 0.111328125 0.623046875 0.1015625 0.640625 0.095703125 0.654296875 0.095703125
1 0.48828125 0.087890625 0.4921875 0.09375 0.4921875 0.103515625 0.494140625 0.10546875 0.494140625 0.123046875 0.48828125 0.13671875 0.484375 0.140625 0.47265625 0.138671875 0.46484375 0.142578125 0.45703125 0.142578125 0.447265625 0.146484375 0.43359375 0.146484375 0.4296875 0.14453125 0.427734375 0.140625 0.427734375 0.107421875 0.43359375 0.1015625 0.453125 0.091796875 0.458984375 0.091796875 0.46875 0.087890625 0.486328125 0.087890625
1 0.50390625 0.5908203125 0.072265625 0.0556640625
1 0.716796875 0.732421875 0.720703125 0.734375 0.724609375 0.7421875 0.724609375 0.751953125 0.7265625 0.75390625 0.7265625 0.771484375 0.72265625 0.783203125 0.701171875 0.7890625 0.693359375 0.7890625 0.689453125 0.79296875 0.67578125 0.796875 0.6640625 0.794921875 0.66015625 0.787109375 0.66015625 0.7734375 0.658203125 0.771484375 0.66015625 0.75 0.666015625 0.744140625 0.673828125 0.744140625 0.6796875 0.740234375 0.697265625 0.736328125 0.705078125 0.732421875 0.71484375 0.732421875
1 0.484375 0.029296875 0.48828125 0.03515625 0.48828125 0.046875 0.490234375 0.048828125 0.490234375 0.0703125 0.48828125 0.07421875 0.48046875 0.08203125 0.4609375 0.08203125 0.4375 0.08984375 0.427734375 0.087890625 0.42578125 0.08203125 0.42578125 0.072265625 0.423828125 0.0703125 0.42578125 0.046875 0.431640625 0.041015625 0.439453125 0.041015625 0.453125 0.03515625 0.46484375 0.03515625 0.466796875 0.033203125 0.47265625 0.033203125 0.4765625 0.029296875 0.482421875 0.029296875
1 0.50390625 0.287109375 0.5078125 0.296875 0.5078125 0.328125 0.50390625 0.333984375 0.48046875 0.3359375 0.478515625 0.337890625 0.447265625 0.337890625 0.4453125 0.32421875 0.443359375 0.322265625 0.4453125 0.302734375 0.455078125 0.291015625 0.501953125 0.287109375
1 0.494140625 0.216796875 0.498046875 0.21875 0.5 0.234375 0.501953125 0.236328125 0.501953125 0.25 0.50390625 0.251953125 0.501953125 0.25390625 0.501953125 0.259765625 0.49609375 0.265625 0.482421875 0.267578125 0.462890625 0.275390625 0.447265625 0.275390625 0.443359375 0.271484375 0.44140625 0.265625 0.44140625 0.2421875 0.455078125 0.2265625 0.462890625 0.22265625 0.470703125 0.22265625 0.4921875 0.216796875
1 0.67578125 0.376953125 0.685546875 0.3828125 0.685546875 0.388671875 0.6875 0.390625 0.689453125 0.412109375 0.685546875 0.419921875 0.685546875 0.42578125 0.67578125 0.4296875 0.66796875 0.427734375 0.666015625 0.4296875 0.646484375 0.431640625 0.638671875 0.435546875 0.62890625 0.435546875 0.623046875 0.427734375 0.623046875 0.396484375 0.625 0.392578125 0.6328125 0.38671875 0.650390625 0.380859375 0.662109375 0.380859375 0.66796875 0.376953125 0.673828125 0.376953125
1 0.6162109375 0.025390625 0.076171875 0.05078125