3 0.725520833984375 0 0.7234375 0.008333333984375 0.7234375 0.011111111328125 0.721875 0.015740740234375 0.721354166015625 0.018518517578125 0.721875 0.02037037109375 0.728125 0.0268518515625 0.7296875 0.036111111328125 0.730729166015625 0.038888888671875 0.735416666015625 0.025 0.738541666015625 0.0194444453125 0.7421875 0 0.725520833984375 0
3 0.7515625 0.04537037109375 0.755729166015625 0.043518517578125 0.763541666015625 0.032407408203125 0.7671875 0.02037037109375 0.769791666015625 0.015740740234375 0.769791666015625 0.013888888671875 0.76875 0.012962962890625 0.765625 0.014814814453125 0.761979166015625 0.014814814453125 0.745833333984375 0.025 0.741145833984375 0.031481482421875 0.7390625 0.037962962890625 0.738020833984375 0.042592591796875 0.739583333984375 0.0444444453125 0.742708333984375 0.043518517578125 0.7515625 0.04537037109375
3 0.734895833984375 0.0731481484375 0.733333333984375 0.07777777734375 0.733333333984375 0.0805555546875 0.735416666015625 0.082407408203125 0.7375 0.088888888671875 0.744270833984375 0.083333333984375 0.752083333984375 0.0694444453125 0.754166666015625 0.063888888671875 0.7546875 0.056481482421875 0.753125 0.0555555546875 0.752083333984375 0.05 0.750520833984375 0.04722222265625 0.747916666015625 0.04537037109375 0.742708333984375 0.046296296875 0.741145833984375 0.0481481484375 0.736458333984375 0.0481481484375 0.733854166015625 0.05 0.73125 0.0555555546875 0.733333333984375 0.063888888671875 0.733854166015625 0.07037037109375 0.734895833984375 0.0731481484375
1 0.4375 0.74609375 0.443359375 0.751953125 0.44140625 0.904296875 0.431640625 0.908203125 0.408203125 0.90625 0.404296875 0.8984375 0.404296875 0.826171875 0.40625 0.82421875 0.404296875 0.822265625 0.404296875 0.796875 0.40625 0.794921875 0.40625 0.76171875 0.41015625 0.748046875 0.416015625 0.744140625 0.43359375 0.744140625 0.435546875 0.74609375
1 0.857421875 0.806640625 0.865234375 0.810546875 0.876953125 0.83203125 0.876953125 0.859375 0.87890625 0.861328125 0.880859375 0.8828125 0.8828125 0.884765625 0.8828125 0.90625 0.884765625 0.908203125 0.884765625 0.927734375 0.88671875 0.9296875 0.88671875 0.9375 0.884765625 0.939453125 0.884765625 0.978515625 0.880859375 0.986328125 0.873046875 0.990234375 0.85546875 0.990234375 0.84765625 0.986328125 0.841796875 0.98046875 0.83984375 0.970703125 0.833984375 0.9609375 0.833984375 0.94921875 0.8359375 0.947265625 0.8359375 0.8984375 0.833984375 0.896484375 0.833984375 0.857421875 0.830078125 0.849609375 0.828125 0.8359375 0.8359375 0.8125 0.845703125 0.806640625 0.85546875 0.806640625
1 0.203125 0.70703125 0.212890625 0.716796875 0.212890625 0.72265625 0.216796875 0.732421875 0.216796875 0.74609375 0.212890625 0.75390625 0.212890625 0.83203125 0.2109375 0.833984375 0.212890625 0.86328125 0.208984375 0.87109375 0.208984375 0.8828125 0.205078125 0.89453125 0.201171875 0.900390625 0.193359375 0.904296875 0.17578125 0.904296875 0.1640625 0.892578125 0.1640625 0.880859375 0.166015625 0.87890625 0.166015625 0.810546875 0.16796875 0.80859375 0.16796875 0.779296875 0.1640625 0.771484375 0.169921875 0.763671875 0.171875 0.728515625 0.177734375 0.71484375 0.189453125 0.705078125 0.19921875 0.705078125 0.201171875 0.70703125
1 0.267578125 0.72265625 0.2734375 0.734375 0.271484375 0.806640625 0.26953125 0.80859375 0.26953125 0.8671875 0.267578125 0.869140625 0.267578125 0.884765625 0.263671875 0.8984375 0.2578125 0.904296875 0.251953125 0.90625 0.236328125 0.904296875 0.23046875 0.900390625 0.228515625 0.89453125 0.234375 0.73828125 0.240234375 0.7265625 0.248046875 0.720703125 0.26171875 0.71875 0.265625 0.72265625
1 0.916015625 0.810546875 0.927734375 0.814453125 0.94140625 0.82421875 0.943359375 0.837890625 0.947265625 0.84375 0.94921875 0.986328125 0.947265625 0.98828125 0.947265625 0.99609375 0.94140625 0.998046875 0.91015625 0.998046875 0.90625 0.99609375 0.90234375 0.98828125 0.90234375 0.982421875 0.896484375 0.974609375 0.8984375 0.921875 0.896484375 0.919921875 0.896484375 0.890625 0.89453125 0.888671875 0.896484375 0.875 0.89453125 0.873046875 0.89453125 0.859375 0.890625 0.853515625 0.890625 0.83203125 0.89453125 0.828125 0.89453125 0.8203125 0.8984375 0.814453125 0.908203125 0.810546875 0.9140625 0.810546875
1 0 0.67578125 0.0078125 0.671875 0.013671875 0.671875 0.025390625 0.677734375 0.029296875 0.681640625 0.03125 0.6953125 0.037109375 0.701171875 0.037109375 0.70703125 0.0390625 0.708984375 0.037109375 0.720703125 0.029296875 0.73046875 0.02734375 0.765625 0.0234375 0.77734375 0.0234375 0.798828125 0.021484375 0.80078125 0.025390625 0.814453125 0.025390625 0.833984375 0.015625 0.845703125 0.009765625 0.86328125 0.00390625 0.8671875 0 0.8671875 0 0.677734375
1 0.123046875 0.697265625 0.125 0.69921875 0.138671875 0.701171875 0.142578125 0.705078125 0.14453125 0.716796875 0.1484375 0.724609375 0.1484375 0.740234375 0.142578125 0.75 0.142578125 0.775390625 0.140625 0.77734375 0.140625 0.80078125 0.138671875 0.802734375 0.138671875 0.857421875 0.126953125 0.890625 0.12109375 0.8984375 0.11328125 0.90234375 0.1015625 0.90234375 0.09765625 0.900390625 0.087890625 0.888671875 0.087890625 0.8828125 0.0859375 0.880859375 0.0859375 0.8125 0.087890625 0.810546875 0.08984375 0.767578125 0.091796875 0.765625 0.091796875 0.75 0.09375 0.748046875 0.09375 0.734375 0.095703125 0.732421875 0.09765625 0.712890625 0.1015625 0.703125 0.12109375 0.697265625
1 0.7421875 0.802734375 0.751953125 0.81640625 0.75390625 0.83984375 0.755859375 0.841796875 0.755859375 0.869140625 0.759765625 0.873046875 0.755859375 0.880859375 0.7578125 0.8828125 0.76171875 0.98046875 0.759765625 0.982421875 0.759765625 0.994140625 0.75390625 0.998046875 0.7265625 0.998046875 0.720703125 0.99609375 0.71484375 0.984375 0.712890625 0.962890625 0.7109375 0.9609375 0.712890625 0.95703125 0.712890625 0.921875 0.7109375 0.919921875 0.7109375 0.859375 0.708984375 0.857421875 0.708984375 0.845703125 0.70703125 0.84375 0.708984375 0.818359375 0.7109375 0.81640625 0.7109375 0.810546875 0.716796875 0.802734375 0.720703125 0.80078125 0.740234375 0.802734375