4 0.2498207890625 0 0.252688171875 0.0152963671875 0.255913978515625 0.02103250390625 0.2607526875 0.035372849609375 0.26182795703125 0.032504779296875 0.263440859375 0.02294455078125 0.26989247265625 0.016252390625 0.270430107421875 0.01434034375 0.26989247265625 0.011472275390625 0.2682795703125 0.00669216015625 0.2682795703125 0.003824091796875 0.267323775390625 0 0.2498207890625 0
4 0.25 0.027724666015625 0.245161291015625 0.02103250390625 0.228494623046875 0.010516251953125 0.22473118359375 0.010516251953125 0.221505376953125 0.00860420703125 0.220430107421875 0.009560228515625 0.220430107421875 0.011472275390625 0.223118279296875 0.016252390625 0.226881720703125 0.0286806875 0.234946236328125 0.040152962890625 0.2392473125 0.042065009765625 0.24838709765625 0.040152962890625 0.25161290234375 0.041108986328125 0.253225806640625 0.03919694140625 0.252150537109375 0.034416826171875 0.25 0.027724666015625
4 0.254838708984375 0.044933078125 0.25 0.044933078125 0.24838709765625 0.043021033203125 0.243010751953125 0.042065009765625 0.240322580078125 0.0439770546875 0.238709677734375 0.046845125 0.237634408203125 0.05258126171875 0.236021505859375 0.05353728515625 0.236559140625 0.06118546875 0.238709677734375 0.06692160546875 0.246774193359375 0.081261951171875 0.25376344140625 0.086998087890625 0.255913978515625 0.080305927734375 0.258064515625 0.078393880859375 0.258064515625 0.0755258125 0.25645161328125 0.070745697265625 0.257526880859375 0.06787762890625 0.258064515625 0.06118546875 0.2602150546875 0.05258126171875 0.257526880859375 0.046845125 0.254838708984375 0.044933078125
3 0.587890625 0.765625 0.591796875 0.7734375 0.591796875 0.783203125 0.59375 0.78515625 0.59375 0.81640625 0.595703125 0.818359375 0.595703125 0.845703125 0.59375 0.84765625 0.595703125 0.849609375 0.595703125 0.923828125 0.587890625 0.931640625 0.5625 0.931640625 0.556640625 0.92578125 0.556640625 0.837890625 0.5546875 0.8359375 0.5546875 0.7734375 0.560546875 0.765625 0.56640625 0.763671875 0.583984375 0.763671875 0.5859375 0.765625
3 0.14453125 0.830078125 0.15234375 0.837890625 0.158203125 0.859375 0.15625 0.87109375 0.15234375 0.87890625 0.15234375 0.919921875 0.150390625 0.921875 0.150390625 0.958984375 0.1484375 0.9609375 0.150390625 0.974609375 0.15234375 0.9765625 0.15234375 0.986328125 0.146484375 0.998046875 0.099609375 0.998046875 0.099609375 0.96484375 0.09765625 0.962890625 0.099609375 0.93359375 0.1015625 0.931640625 0.1015625 0.908203125 0.103515625 0.90625 0.103515625 0.89453125 0.107421875 0.884765625 0.107421875 0.85546875 0.109375 0.849609375 0.1171875 0.8359375 0.123046875 0.830078125 0.126953125 0.828125 0.140625 0.828125 0.142578125 0.830078125
3 0.814453125 0.72265625 0.826171875 0.728515625 0.833984375 0.7421875 0.837890625 0.783203125 0.84375 0.79296875 0.83984375 0.798828125 0.83984375 0.830078125 0.841796875 0.83203125 0.841796875 0.919921875 0.83984375 0.923828125 0.828125 0.9296875 0.810546875 0.927734375 0.802734375 0.921875 0.79296875 0.884765625 0.79296875 0.869140625 0.794921875 0.8671875 0.794921875 0.802734375 0.79296875 0.80078125 0.79296875 0.7734375 0.7890625 0.765625 0.7890625 0.751953125 0.79296875 0.744140625 0.794921875 0.732421875 0.80078125 0.7265625 0.8125 0.72265625
3 0.763671875 0.744140625 0.76953125 0.751953125 0.76953125 0.759765625 0.771484375 0.76171875 0.7734375 0.83203125 0.775390625 0.833984375 0.775390625 0.888671875 0.77734375 0.890625 0.77734375 0.919921875 0.771484375 0.927734375 0.765625 0.9296875 0.75 0.9296875 0.74609375 0.927734375 0.740234375 0.921875 0.740234375 0.916015625 0.73828125 0.9140625 0.736328125 0.884765625 0.734375 0.8828125 0.734375 0.8203125 0.732421875 0.818359375 0.732421875 0.796875 0.734375 0.794921875 0.734375 0.7890625 0.73046875 0.78125 0.73046875 0.75390625 0.732421875 0.751953125 0.732421875 0.74609375 0.7421875 0.73828125 0.755859375 0.73828125 0.76171875 0.744140625
3 0.080078125 0.833984375 0.0859375 0.8359375 0.08984375 0.841796875 0.08984375 0.849609375 0.09375 0.857421875 0.09375 0.875 0.08984375 0.8828125 0.08984375 0.8984375 0.087890625 0.900390625 0.08984375 0.90234375 0.087890625 0.908203125 0.08984375 0.912109375 0.087890625 0.9140625 0.087890625 0.93359375 0.0859375 0.935546875 0.087890625 0.998046875 0.033203125 0.998046875 0.03515625 0.865234375 0.0390625 0.861328125 0.0390625 0.853515625 0.046875 0.841796875 0.05859375 0.833984375 0.064453125 0.833984375 0.06640625 0.83203125 0.076171875 0.83203125 0.078125 0.833984375
3 0.998046875 0.87109375 0.990234375 0.86328125 0.986328125 0.85546875 0.986328125 0.837890625 0.990234375 0.828125 0.990234375 0.8046875 0.98828125 0.802734375 0.986328125 0.783203125 0.984375 0.78125 0.984375 0.7578125 0.982421875 0.755859375 0.982421875 0.75 0.974609375 0.73828125 0.974609375 0.73046875 0.97265625 0.728515625 0.974609375 0.71875 0.98046875 0.71484375 0.984375 0.697265625 0.98828125 0.693359375 0.998046875 0.689453125 0.998046875 0.869140625
3 0.89453125 0.716796875 0.896484375 0.71875 0.90234375 0.71875 0.91015625 0.724609375 0.9140625 0.73828125 0.916015625 0.767578125 0.91796875 0.76953125 0.91796875 0.78125 0.919921875 0.783203125 0.919921875 0.80078125 0.921875 0.802734375 0.921875 0.828125 0.923828125 0.830078125 0.923828125 0.845703125 0.92578125 0.84765625 0.923828125 0.849609375 0.923828125 0.8671875 0.92578125 0.869140625 0.923828125 0.908203125 0.91796875 0.919921875 0.91015625 0.92578125 0.892578125 0.92578125 0.884765625 0.91796875 0.880859375 0.90625 0.875 0.8984375 0.875 0.892578125 0.87109375 0.88671875 0.87109375 0.87890625 0.869140625 0.876953125 0.87109375 0.873046875 0.87109375 0.849609375 0.869140625 0.84765625 0.869140625 0.81640625 0.8671875 0.814453125 0.8671875 0.779296875 0.865234375 0.77734375 0.865234375 0.76953125 0.859375 0.759765625 0.859375 0.744140625 0.86328125 0.73828125 0.86328125 0.728515625 0.869140625 0.720703125 0.87890625 0.716796875 0.892578125 0.716796875
3 0.275390625 0.82421875 0.28125 0.83984375 0.28125 0.8515625 0.283203125 0.853515625 0.28125 0.880859375 0.279296875 0.8828125 0.27734375 0.998046875 0.2265625 0.998046875 0.228515625 0.947265625 0.23046875 0.9453125 0.23046875 0.90625 0.232421875 0.904296875 0.23046875 0.90234375 0.23046875 0.89453125 0.232421875 0.892578125 0.236328125 0.83984375 0.2421875 0.828125 0.25 0.822265625 0.271484375 0.822265625 0.2734375 0.82421875