3 0.298828125 0.91796875 0.302734375 0.916015625 0.306640625 0.91796875 0.318359375 0.916015625 0.3203125 0.91796875 0.322265625 0.916015625 0.33984375 0.9140625 0.34765625 0.908203125 0.353515625 0.908203125 0.359375 0.916015625 0.359375 0.923828125 0.361328125 0.92578125 0.359375 0.947265625 0.349609375 0.9609375 0.34375 0.96484375 0.330078125 0.96875 0.326171875 0.97265625 0.318359375 0.97265625 0.31640625 0.974609375 0.314453125 0.97265625 0.298828125 0.97265625 0.296875 0.970703125 0.29296875 0.97265625 0.28515625 0.96875 0.283203125 0.935546875 0.28515625 0.9296875 0.298828125 0.919921875
3 0.353515625 0.78125 0.36328125 0.787109375 0.36328125 0.794921875 0.365234375 0.796875 0.36328125 0.802734375 0.36328125 0.818359375 0.353515625 0.8359375 0.34375 0.84375 0.337890625 0.84375 0.328125 0.849609375 0.322265625 0.8515625 0.30859375 0.849609375 0.302734375 0.853515625 0.296875 0.853515625 0.294921875 0.849609375 0.287109375 0.849609375 0.28125 0.837890625 0.283203125 0.83203125 0.283203125 0.826171875 0.28125 0.82421875 0.283203125 0.80078125 0.287109375 0.79296875 0.296875 0.791015625 0.30078125 0.78515625 0.306640625 0.78515625 0.30859375 0.787109375 0.31640625 0.787109375 0.318359375 0.78515625 0.345703125 0.78515625 0.3515625 0.78125
3 0.353515625 0.501953125 0.359375 0.505859375 0.361328125 0.51171875 0.361328125 0.5390625 0.357421875 0.54296875 0.357421875 0.546875 0.345703125 0.552734375 0.3125 0.552734375 0.310546875 0.5546875 0.30078125 0.5546875 0.294921875 0.552734375 0.29296875 0.548828125 0.291015625 0.54296875 0.291015625 0.537109375 0.29296875 0.53515625 0.291015625 0.53125 0.29296875 0.525390625 0.291015625 0.51953125 0.294921875 0.515625 0.294921875 0.509765625 0.298828125 0.505859375 0.3125 0.505859375 0.314453125 0.50390625 0.326171875 0.505859375 0.328125 0.50390625 0.3515625 0.501953125
3 0.509765625 0.951171875 0.515625 0.951171875 0.525390625 0.958984375 0.525390625 0.9765625 0.5234375 0.978515625 0.525390625 0.9921875 0.521484375 0.998046875 0.46484375 0.998046875 0.455078125 0.994140625 0.45703125 0.9921875 0.45703125 0.974609375 0.462890625 0.9609375 0.46875 0.95703125 0.474609375 0.95703125 0.4765625 0.958984375 0.484375 0.95703125 0.490234375 0.958984375 0.4921875 0.95703125 0.501953125 0.95703125 0.509765625 0.953125
3 0.47265625 0.828125 0.48046875 0.83203125 0.4921875 0.828125 0.494140625 0.830078125 0.5 0.828125 0.52734375 0.828125 0.53125 0.837890625 0.52734375 0.87109375 0.501953125 0.880859375 0.490234375 0.880859375 0.48828125 0.87890625 0.486328125 0.880859375 0.474609375 0.880859375 0.47265625 0.8828125 0.46484375 0.880859375 0.458984375 0.8671875 0.4609375 0.861328125 0.4609375 0.84375 0.46484375 0.83984375 0.466796875 0.83203125 0.470703125 0.830078125
3 0.29296875 0.7265625 0.3046875 0.71875 0.318359375 0.720703125 0.34765625 0.7109375 0.357421875 0.7109375 0.36328125 0.7265625 0.361328125 0.728515625 0.361328125 0.744140625 0.357421875 0.748046875 0.35546875 0.7578125 0.349609375 0.763671875 0.341796875 0.765625 0.330078125 0.7734375 0.326171875 0.771484375 0.30859375 0.771484375 0.306640625 0.767578125 0.29296875 0.767578125 0.2890625 0.759765625 0.291015625 0.7578125 0.287109375 0.74609375 0.2890625 0.73046875 0.29296875 0.728515625
3 0.47265625 0.333984375 0.478515625 0.33203125 0.482421875 0.333984375 0.498046875 0.33203125 0.5 0.333984375 0.501953125 0.33203125 0.517578125 0.330078125 0.51953125 0.33203125 0.53515625 0.33203125 0.541015625 0.33984375 0.5390625 0.34375 0.537109375 0.375 0.533203125 0.37890625 0.517578125 0.380859375 0.515625 0.3828125 0.513671875 0.380859375 0.5 0.380859375 0.498046875 0.3828125 0.49609375 0.380859375 0.486328125 0.380859375 0.484375 0.3828125 0.478515625 0.3828125 0.4765625 0.380859375 0.466796875 0.380859375 0.466796875 0.361328125 0.46484375 0.359375 0.466796875 0.357421875 0.466796875 0.34375 0.47265625 0.3359375
3 0.357421875 0.123046875 0.361328125 0.126953125 0.36328125 0.142578125 0.365234375 0.14453125 0.36328125 0.1484375 0.36328125 0.166015625 0.359375 0.173828125 0.35546875 0.177734375 0.33984375 0.177734375 0.337890625 0.17578125 0.30859375 0.185546875 0.302734375 0.185546875 0.298828125 0.181640625 0.294921875 0.181640625 0.294921875 0.17578125 0.291015625 0.166015625 0.291015625 0.15234375 0.296875 0.130859375 0.3046875 0.126953125 0.310546875 0.12890625 0.3125 0.126953125 0.3203125 0.126953125 0.322265625 0.125 0.32421875 0.126953125 0.333984375 0.123046875 0.35546875 0.123046875
3 0.455078125 0.91796875 0.45703125 0.916015625 0.45703125 0.900390625 0.46875 0.890625 0.484375 0.890625 0.486328125 0.888671875 0.49609375 0.890625 0.505859375 0.88671875 0.509765625 0.888671875 0.51171875 0.88671875 0.521484375 0.88671875 0.525390625 0.890625 0.525390625 0.896484375 0.52734375 0.8984375 0.525390625 0.904296875 0.52734375 0.90625 0.52734375 0.919921875 0.5234375 0.923828125 0.5234375 0.9296875 0.51953125 0.935546875 0.501953125 0.9375 0.4921875 0.94140625 0.48046875 0.939453125 0.46875 0.943359375 0.46484375 0.939453125 0.458984375 0.939453125 0.45703125 0.919921875
3 0.484375 0.623046875 0.486328125 0.625 0.501953125 0.625 0.50390625 0.626953125 0.505859375 0.625 0.529296875 0.625 0.533203125 0.62890625 0.53515625 0.6328125 0.533203125 0.66015625 0.52734375 0.669921875 0.51953125 0.67578125 0.5 0.67578125 0.498046875 0.673828125 0.4921875 0.67578125 0.482421875 0.67578125 0.48046875 0.673828125 0.47265625 0.67578125 0.466796875 0.66796875 0.466796875 0.638671875 0.470703125 0.626953125 0.482421875 0.625
3 0.525390625 0.69140625 0.529296875 0.693359375 0.529296875 0.70703125 0.53125 0.708984375 0.529296875 0.7265625 0.525390625 0.734375 0.51171875 0.744140625 0.486328125 0.74609375 0.484375 0.748046875 0.46875 0.74609375 0.466796875 0.744140625 0.466796875 0.73828125 0.46484375 0.736328125 0.466796875 0.73046875 0.46484375 0.712890625 0.470703125 0.69921875 0.478515625 0.6953125 0.484375 0.697265625 0.494140625 0.693359375 0.50390625 0.693359375 0.51171875 0.689453125 0.5234375 0.69140625