1 0.623046875 0.01171875 0.625 0.013671875 0.62890625 0.01171875 0.634765625 0.01171875 0.63671875 0.013671875 0.638671875 0.01171875 0.6484375 0.01171875 0.65234375 0.015625 0.654296875 0.01953125 0.654296875 0.03515625 0.65625 0.037109375 0.654296875 0.052734375 0.640625 0.06640625 0.626953125 0.06640625 0.615234375 0.0703125 0.60546875 0.0703125 0.59765625 0.078125 0.591796875 0.078125 0.5859375 0.072265625 0.583984375 0.06640625 0.583984375 0.037109375 0.5859375 0.033203125 0.59375 0.025390625 0.603515625 0.01953125 0.607421875 0.01953125 0.61328125 0.013671875 0.62109375 0.013671875
1 0.65234375 0.125 0.654296875 0.12890625 0.6640625 0.12890625 0.66796875 0.13671875 0.66796875 0.14453125 0.669921875 0.146484375 0.669921875 0.177734375 0.66796875 0.181640625 0.662109375 0.18359375 0.65625 0.19140625 0.640625 0.19140625 0.62890625 0.1953125 0.61328125 0.1953125 0.607421875 0.201171875 0.595703125 0.1953125 0.591796875 0.181640625 0.591796875 0.16796875 0.599609375 0.1484375 0.607421875 0.140625 0.619140625 0.13671875 0.62890625 0.12890625 0.640625 0.130859375 0.650390625 0.125
1 0.6572265625 0.4384765625 0.0693359375 0.0576171875
1 0.484375 0 0.486328125 0.033203125 0.48046875 0.041015625 0.478515625 0.04296875 0.4609375 0.04296875 0.458984375 0.044921875 0.443359375 0.046875 0.439453125 0.052734375 0.431640625 0.052734375 0.421875 0.044921875 0.421875 0.025390625 0.419921875 0.0234375 0.421875 0.005859375 0.4296875 0 0.482421875 0
1 0.48828125 0.115234375 0.4921875 0.119140625 0.49609375 0.130859375 0.49609375 0.15234375 0.494140625 0.158203125 0.48828125 0.166015625 0.4765625 0.1640625 0.46875 0.16796875 0.4609375 0.16796875 0.451171875 0.171875 0.43359375 0.171875 0.431640625 0.169921875 0.4296875 0.166015625 0.4296875 0.146484375 0.427734375 0.14453125 0.4296875 0.130859375 0.455078125 0.119140625 0.466796875 0.119140625 0.46875 0.1171875 0.486328125 0.115234375
1 0.6640625 0.20703125 0.669921875 0.216796875 0.669921875 0.224609375 0.671875 0.2265625 0.671875 0.240234375 0.66796875 0.248046875 0.658203125 0.255859375 0.65234375 0.25390625 0.642578125 0.255859375 0.63671875 0.259765625 0.626953125 0.26171875 0.619140625 0.267578125 0.607421875 0.267578125 0.6015625 0.25390625 0.6015625 0.236328125 0.607421875 0.220703125 0.61328125 0.21484375 0.623046875 0.2109375 0.626953125 0.20703125 0.6328125 0.20703125 0.634765625 0.205078125 0.662109375 0.20703125
1 0.53515625 0.59375 0.5390625 0.599609375 0.5390625 0.62109375 0.541015625 0.623046875 0.537109375 0.638671875 0.53125 0.642578125 0.515625 0.642578125 0.513671875 0.64453125 0.4921875 0.646484375 0.490234375 0.6484375 0.4765625 0.6484375 0.470703125 0.640625 0.470703125 0.607421875 0.4765625 0.6015625 0.482421875 0.6015625 0.4921875 0.59765625 0.51171875 0.59765625 0.5234375 0.59375 0.533203125 0.59375
1 0.6640625 0.77734375 0.681640625 0.77734375 0.705078125 0.767578125 0.71875 0.767578125 0.72265625 0.771484375 0.724609375 0.78125 0.728515625 0.787109375 0.728515625 0.802734375 0.724609375 0.81640625 0.720703125 0.8203125 0.7109375 0.8203125 0.681640625 0.830078125 0.66796875 0.830078125 0.662109375 0.82421875 0.66015625 0.818359375 0.66015625 0.798828125 0.658203125 0.796875 0.66015625 0.78515625 0.6640625 0.779296875
1 0.48046875 0.056640625 0.490234375 0.0625 0.494140625 0.09765625 0.482421875 0.107421875 0.46875 0.107421875 0.466796875 0.109375 0.451171875 0.111328125 0.443359375 0.115234375 0.43359375 0.115234375 0.427734375 0.107421875 0.427734375 0.09765625 0.42578125 0.095703125 0.427734375 0.07421875 0.43359375 0.068359375 0.439453125 0.068359375 0.45703125 0.060546875 0.466796875 0.060546875 0.478515625 0.056640625
1 0.501953125 0.3125 0.509765625 0.32421875 0.509765625 0.357421875 0.505859375 0.361328125 0.5 0.361328125 0.498046875 0.36328125 0.484375 0.36328125 0.482421875 0.365234375 0.470703125 0.365234375 0.46875 0.3671875 0.451171875 0.3671875 0.4453125 0.35546875 0.4453125 0.333984375 0.451171875 0.322265625 0.45703125 0.318359375 0.466796875 0.318359375 0.46875 0.31640625 0.494140625 0.31640625 0.5 0.314453125
1 0.498046875 0.24609375 0.501953125 0.25 0.501953125 0.26171875 0.50390625 0.263671875 0.50390625 0.275390625 0.505859375 0.27734375 0.501953125 0.2890625 0.498046875 0.29296875 0.490234375 0.29296875 0.466796875 0.302734375 0.44921875 0.302734375 0.4453125 0.298828125 0.443359375 0.294921875 0.443359375 0.267578125 0.4453125 0.263671875 0.4609375 0.25 0.470703125 0.25 0.482421875 0.24609375 0.49609375 0.24609375