1 0.4375 0.92578125 0.439453125 0.927734375 0.4453125 0.927734375 0.451171875 0.939453125 0.453125 0.966796875 0.4453125 0.98046875 0.431640625 0.98828125 0.42578125 0.994140625 0.419921875 0.994140625 0.416015625 0.998046875 0.384765625 0.998046875 0.37890625 0.986328125 0.37890625 0.974609375 0.375 0.966796875 0.380859375 0.953125 0.38671875 0.951171875 0.392578125 0.94140625 0.4140625 0.939453125 0.41796875 0.935546875 0.423828125 0.935546875 0.435546875 0.927734375
1 0.41796875 0.798828125 0.4296875 0.8046875 0.431640625 0.81640625 0.435546875 0.82421875 0.435546875 0.833984375 0.431640625 0.845703125 0.427734375 0.849609375 0.427734375 0.85546875 0.419921875 0.86328125 0.416015625 0.86328125 0.4140625 0.8671875 0.41015625 0.8671875 0.400390625 0.875 0.396484375 0.876953125 0.388671875 0.875 0.376953125 0.8828125 0.369140625 0.876953125 0.361328125 0.876953125 0.357421875 0.87109375 0.357421875 0.857421875 0.353515625 0.853515625 0.353515625 0.83203125 0.35546875 0.830078125 0.353515625 0.82421875 0.361328125 0.8203125 0.3671875 0.8125 0.3828125 0.8125 0.384765625 0.80859375 0.41015625 0.806640625 0.416015625 0.80078125
1 0.375 0.525390625 0.37890625 0.53125 0.380859375 0.544921875 0.3828125 0.546875 0.3828125 0.560546875 0.37890625 0.56640625 0.37890625 0.5703125 0.375 0.57421875 0.36328125 0.578125 0.349609375 0.578125 0.3359375 0.583984375 0.3203125 0.583984375 0.314453125 0.57421875 0.314453125 0.564453125 0.3125 0.5625 0.314453125 0.55859375 0.3125 0.556640625 0.3125 0.54296875 0.314453125 0.5390625 0.326171875 0.533203125 0.33984375 0.533203125 0.359375 0.525390625 0.373046875 0.525390625
1 0.6171875 0.943359375 0.62109375 0.94921875 0.62109375 0.95703125 0.623046875 0.958984375 0.623046875 0.984375 0.625 0.986328125 0.623046875 0.990234375 0.6171875 0.990234375 0.615234375 0.9921875 0.587890625 0.9921875 0.5859375 0.994140625 0.560546875 0.994140625 0.55859375 0.99609375 0.55859375 0.990234375 0.5546875 0.982421875 0.5546875 0.966796875 0.564453125 0.953125 0.5703125 0.953125 0.572265625 0.955078125 0.583984375 0.953125 0.587890625 0.94921875 0.595703125 0.94921875 0.603515625 0.94140625 0.615234375 0.943359375
1 0.54296875 0.828125 0.546875 0.826171875 0.552734375 0.828125 0.58203125 0.818359375 0.599609375 0.81640625 0.603515625 0.8203125 0.60546875 0.845703125 0.607421875 0.84765625 0.60546875 0.861328125 0.59375 0.865234375 0.58984375 0.87109375 0.583984375 0.87109375 0.580078125 0.875 0.556640625 0.876953125 0.552734375 0.880859375 0.546875 0.880859375 0.541015625 0.876953125 0.537109375 0.86328125 0.537109375 0.849609375 0.53515625 0.84765625 0.53515625 0.841796875 0.54296875 0.830078125
1 0.349609375 0.755859375 0.359375 0.74609375 0.376953125 0.744140625 0.40234375 0.73046875 0.408203125 0.73046875 0.41015625 0.728515625 0.419921875 0.748046875 0.41796875 0.7734375 0.412109375 0.783203125 0.408203125 0.787109375 0.384765625 0.798828125 0.35546875 0.796875 0.353515625 0.794921875 0.345703125 0.771484375 0.345703125 0.763671875 0.349609375 0.7578125
1 0.494140625 0.35546875 0.078125 0.0625
1 0.28515625 0.185546875 0.078125 0.07421875
1 0.60546875 0.876953125 0.609375 0.880859375 0.611328125 0.8984375 0.615234375 0.90234375 0.61328125 0.904296875 0.611328125 0.921875 0.607421875 0.92578125 0.599609375 0.92578125 0.58984375 0.931640625 0.5859375 0.931640625 0.58203125 0.935546875 0.572265625 0.935546875 0.5625 0.939453125 0.552734375 0.939453125 0.546875 0.931640625 0.544921875 0.92578125 0.544921875 0.91015625 0.541015625 0.904296875 0.54296875 0.896484375 0.556640625 0.88671875 0.578125 0.884765625 0.59375 0.876953125 0.603515625 0.876953125
1 0.56640625 0.615234375 0.5703125 0.6171875 0.5703125 0.623046875 0.57421875 0.62890625 0.57421875 0.654296875 0.572265625 0.66015625 0.560546875 0.66796875 0.525390625 0.671875 0.51953125 0.67578125 0.513671875 0.673828125 0.509765625 0.6640625 0.5078125 0.626953125 0.509765625 0.625 0.515625 0.625 0.51953125 0.62109375 0.544921875 0.619140625 0.55078125 0.615234375 0.564453125 0.615234375
1 0.5234375 0.6953125 0.53125 0.6953125 0.54296875 0.69140625 0.556640625 0.68359375 0.57421875 0.681640625 0.580078125 0.689453125 0.580078125 0.705078125 0.58203125 0.70703125 0.58203125 0.71875 0.578125 0.72265625 0.578125 0.7265625 0.5703125 0.734375 0.54296875 0.744140625 0.525390625 0.744140625 0.521484375 0.736328125 0.51953125 0.716796875 0.515625 0.708984375 0.5234375 0.697265625