4 0.572265625 0.322265625 0.580078125 0.32421875 0.58203125 0.330078125 0.5703125 0.34765625 0.5703125 0.3359375 0.572265625 0.333984375 0.5703125 0.328125 0.572265625 0.32421875
3 0.6953125 0.2265625 0.701171875 0.232421875 0.705078125 0.244140625 0.703125 0.25390625 0.6953125 0.267578125 0.685546875 0.27734375 0.681640625 0.27734375 0.6796875 0.2734375 0.671875 0.271484375 0.66796875 0.263671875 0.673828125 0.24609375 0.6875 0.23046875 0.693359375 0.228515625
3 0.806640625 0.13671875 0.826171875 0.115234375 0.83984375 0.115234375 0.84375 0.12109375 0.84375 0.126953125 0.83984375 0.138671875 0.83203125 0.1484375 0.80859375 0.15234375 0.80859375 0.146484375 0.806640625 0.14453125 0.80859375 0.138671875
3 0.5390625 0.103515625 0.54296875 0.103515625 0.548828125 0.099609375 0.552734375 0.109375 0.556640625 0.11328125 0.5625 0.1328125 0.5625 0.140625 0.56640625 0.14453125 0.56640625 0.16015625 0.5625 0.1640625 0.5546875 0.1640625 0.537109375 0.123046875 0.537109375 0.111328125 0.5390625 0.109375 0.537109375 0.107421875 0.5390625 0.10546875
3 0.541015625 0.50390625 0.546875 0.501953125 0.552734375 0.505859375 0.556640625 0.517578125 0.556640625 0.525390625 0.552734375 0.529296875 0.552734375 0.533203125 0.533203125 0.552734375 0.533203125 0.556640625 0.529296875 0.55859375 0.525390625 0.55859375 0.517578125 0.541015625 0.51953125 0.53125 0.533203125 0.515625 0.537109375 0.5078125 0.541015625 0.505859375
3 0.498046875 0.56640625 0.501953125 0.5703125 0.505859375 0.580078125 0.505859375 0.591796875 0.5078125 0.59375 0.505859375 0.595703125 0.4921875 0.58203125 0.484375 0.580078125 0.484375 0.57421875 0.49609375 0.56640625
3 0.515625 0.208984375 0.51953125 0.21484375 0.51953125 0.21875 0.525390625 0.224609375 0.52734375 0.234375 0.53125 0.240234375 0.533203125 0.255859375 0.537109375 0.259765625 0.533203125 0.271484375 0.52734375 0.275390625 0.5234375 0.2734375 0.51953125 0.265625 0.51953125 0.259765625 0.515625 0.255859375 0.515625 0.251953125 0.51171875 0.24609375 0.5078125 0.234375 0.5078125 0.2265625 0.50390625 0.21875 0.50390625 0.21484375 0.513671875 0.208984375
3 0.041015625 0.310546875 0.044921875 0.32421875 0.04296875 0.33203125 0.0390625 0.337890625 0.017578125 0.35546875 0.013671875 0.35546875 0.009765625 0.3515625 0.00390625 0.33984375 0.001953125 0.330078125 0.013671875 0.318359375 0.0234375 0.3125 0.02734375 0.3125 0.03125 0.30859375 0.037109375 0.30859375 0.0390625 0.310546875
3 0.755859375 0.203125 0.763671875 0.212890625 0.763671875 0.22265625 0.755859375 0.236328125 0.748046875 0.244140625 0.748046875 0.248046875 0.744140625 0.251953125 0.73828125 0.251953125 0.736328125 0.25390625 0.73046875 0.244140625 0.734375 0.2265625 0.74609375 0.212890625 0.74609375 0.208984375 0.75390625 0.203125
3 0.087890625 0.48046875 0.09375 0.482421875 0.099609375 0.48828125 0.1015625 0.501953125 0.08984375 0.505859375 0.083984375 0.51171875 0.0703125 0.51953125 0.0625 0.51953125 0.056640625 0.501953125 0.05859375 0.49609375 0.078125 0.48828125 0.0859375 0.48046875
3 0 0.326171875 0 0.29296875 0.021484375 0.27734375 0.02734375 0.27734375 0.033203125 0.283203125 0.03515625 0.302734375 0.015625 0.314453125 0.001953125 0.326171875
3 0.1015625 0.50390625 0.10546875 0.5078125 0.10546875 0.51171875 0.107421875 0.513671875 0.109375 0.51171875 0.109375 0.525390625 0.107421875 0.529296875 0.0703125 0.5625 0.064453125 0.55859375 0.0625 0.552734375 0.0625 0.533203125 0.06640625 0.525390625 0.078125 0.515625 0.099609375 0.50390625
3 0.5908203125 0.470703125 0.04296875 0.068359375
3 0 0.2890625 0 0.255859375 0.01171875 0.24609375 0.017578125 0.24609375 0.01953125 0.248046875 0.02734375 0.26953125 0.025390625 0.2734375 0.021484375 0.2734375 0 0.291015625
3 0.486328125 0.142578125 0.4921875 0.142578125 0.498046875 0.1484375 0.50390625 0.16796875 0.51171875 0.18359375 0.505859375 0.1953125 0.501953125 0.197265625 0.49609375 0.1953125 0.494140625 0.185546875 0.48828125 0.181640625 0.484375 0.169921875 0.482421875 0.150390625 0.486328125 0.14453125
3 0.939453125 0.033203125 0.05078125 0.0546875
3 0.572265625 0.173828125 0.578125 0.17578125 0.5859375 0.1875 0.59375 0.2109375 0.59375 0.216796875 0.59765625 0.220703125 0.595703125 0.234375 0.583984375 0.236328125 0.580078125 0.23046875 0.578125 0.220703125 0.572265625 0.21484375 0.564453125 0.189453125 0.564453125 0.181640625 0.5703125 0.17578125