4 0.49609375 0.267578125 0.5 0.271484375 0.5 0.283203125 0.494140625 0.2890625 0.4921875 0.296875 0.490234375 0.298828125 0.48828125 0.28125 0.494140625 0.26953125
3 0.599609375 0.201171875 0.6015625 0.19921875 0.6015625 0.193359375 0.609375 0.181640625 0.609375 0.177734375 0.6171875 0.169921875 0.619140625 0.1640625 0.62890625 0.15625 0.634765625 0.15625 0.640625 0.169921875 0.64453125 0.173828125 0.64453125 0.1796875 0.640625 0.185546875 0.638671875 0.1953125 0.623046875 0.21484375 0.607421875 0.208984375 0.6015625 0.201171875
3 0.7802734375 0.0458984375 0.048828125 0.05078125
3 0.458984375 0.01171875 0.46484375 0.01953125 0.46484375 0.025390625 0.470703125 0.033203125 0.4765625 0.048828125 0.478515625 0.0625 0.482421875 0.06640625 0.48046875 0.083984375 0.470703125 0.087890625 0.46484375 0.083984375 0.4609375 0.07421875 0.4609375 0.068359375 0.45703125 0.06640625 0.44921875 0.041015625 0.4453125 0.037109375 0.447265625 0.01953125 0.45703125 0.01171875
3 0.4609375 0.478515625 0.466796875 0.478515625 0.4765625 0.490234375 0.4765625 0.498046875 0.478515625 0.5 0.4765625 0.501953125 0.4765625 0.5078125 0.45703125 0.533203125 0.4453125 0.544921875 0.4375 0.541015625 0.43359375 0.52734375 0.43359375 0.513671875 0.4375 0.509765625 0.4375 0.505859375 0.451171875 0.4921875 0.455078125 0.484375 0.4609375 0.48046875
3 0.404296875 0.5546875 0.4140625 0.556640625 0.41796875 0.5703125 0.421875 0.57421875 0.421875 0.5859375 0.419921875 0.587890625 0.41015625 0.578125 0.39453125 0.5703125 0.392578125 0.568359375 0.39453125 0.564453125 0.404296875 0.556640625
3 0.4296875 0.1767578125 0.041015625 0.083984375
3 0.697265625 0.126953125 0.703125 0.126953125 0.70703125 0.130859375 0.70703125 0.134765625 0.712890625 0.142578125 0.7109375 0.15234375 0.703125 0.162109375 0.703125 0.166015625 0.6875 0.185546875 0.6796875 0.185546875 0.673828125 0.171875 0.67578125 0.158203125 0.697265625 0.12890625
3 0.515625 0.44140625 0.05078125 0.08203125
3 0.390625 0.060546875 0.40234375 0.0703125 0.408203125 0.08984375 0.416015625 0.103515625 0.416015625 0.1171875 0.40625 0.125 0.40234375 0.125 0.3984375 0.12109375 0.396484375 0.11328125 0.390625 0.10546875 0.390625 0.1015625 0.38671875 0.09765625 0.384765625 0.08203125 0.3828125 0.080078125 0.3828125 0.07421875 0.384765625 0.072265625 0.3828125 0.068359375 0.390625 0.0625
3 0.5 0.16796875 0.498046875 0.15625 0.486328125 0.13671875 0.486328125 0.130859375 0.48046875 0.123046875 0.48046875 0.1171875 0.478515625 0.115234375 0.478515625 0.107421875 0.486328125 0.09765625 0.4921875 0.09765625 0.501953125 0.109375 0.50390625 0.119140625 0.509765625 0.125 0.509765625 0.130859375 0.515625 0.1484375 0.51953125 0.15234375 0.51953125 0.16015625 0.513671875 0.169921875 0.50390625 0.169921875 0.501953125 0.16796875