3 0.958984375 0.603515625 0.96484375 0.609375 0.96875 0.619140625 0.96875 0.630859375 0.97265625 0.642578125 0.97265625 0.658203125 0.978515625 0.677734375 0.974609375 0.681640625 0.974609375 0.6875 0.962890625 0.697265625 0.95703125 0.697265625 0.955078125 0.6953125 0.951171875 0.681640625 0.94921875 0.662109375 0.947265625 0.66015625 0.947265625 0.650390625 0.939453125 0.62890625 0.939453125 0.62109375 0.943359375 0.6171875 0.9453125 0.609375 0.94921875 0.60546875 0.95703125 0.603515625
3 0.927734375 0.638671875 0.931640625 0.642578125 0.9375 0.65625 0.9375 0.666015625 0.94140625 0.673828125 0.943359375 0.697265625 0.947265625 0.7109375 0.9453125 0.724609375 0.935546875 0.732421875 0.927734375 0.732421875 0.927734375 0.7265625 0.923828125 0.72265625 0.923828125 0.716796875 0.919921875 0.703125 0.916015625 0.697265625 0.916015625 0.689453125 0.912109375 0.681640625 0.912109375 0.671875 0.908203125 0.66015625 0.912109375 0.6484375 0.919921875 0.640625 0.92578125 0.638671875
3 0.994140625 0.572265625 0.99609375 0.57421875 0.994140625 0.67578125 0.990234375 0.67578125 0.98046875 0.65234375 0.978515625 0.62890625 0.9765625 0.626953125 0.978515625 0.6171875 0.970703125 0.599609375 0.970703125 0.595703125 0.978515625 0.580078125 0.986328125 0.572265625 0.9921875 0.572265625
4 0.671875 0.79296875 0.673828125 0.79296875 0.673828125 0.798828125 0.6796875 0.810546875 0.6796875 0.8203125 0.677734375 0.822265625 0.673828125 0.8203125 0.671875 0.81640625 0.671875 0.794921875
4 0.27734375 0.95703125 0.28125 0.95703125 0.28125 0.97265625 0.27734375 0.98046875 0.2734375 0.98046875 0.2734375 0.96875 0.27734375 0.958984375
4 0.220703125 0.53125 0.2265625 0.5390625 0.2265625 0.546875 0.21875 0.556640625 0.21484375 0.556640625 0.21875 0.533203125
4 0.298828125 0.228515625 0.302734375 0.232421875 0.302734375 0.240234375 0.29296875 0.244140625 0.291015625 0.244140625 0.2890625 0.234375 0.29296875 0.2265625 0.296875 0.228515625
4 0.2578125 0.31640625 0.265625 0.318359375 0.265625 0.328125 0.26171875 0.333984375 0.25390625 0.330078125 0.2578125 0.32421875 0.2578125 0.318359375
4 0.19140625 0.498046875 0.189453125 0.49609375 0.189453125 0.48828125 0.197265625 0.482421875 0.19921875 0.470703125 0.201171875 0.47265625 0.201171875 0.486328125 0.203125 0.48828125 0.19921875 0.494140625 0.193359375 0.49609375
4 0.66015625 0.93359375 0.66796875 0.94921875 0.66796875 0.96484375 0.658203125 0.955078125 0.658203125 0.935546875
4 0.17578125 0.423828125 0.181640625 0.42578125 0.1796875 0.439453125 0.177734375 0.443359375 0.171875 0.443359375 0.16796875 0.439453125 0.171875 0.43359375 0.171875 0.4296875 0.17578125 0.42578125
4 0.306640625 0.2646484375 0.009765625 0.015625