3 0.80078125 0.619140625 0.802734375 0.619140625 0.8046875 0.625 0.802734375 0.6328125 0.796875 0.640625 0.79296875 0.638671875 0.79296875 0.630859375 0.80078125 0.62109375
3 0.712890625 0.88671875 0.716796875 0.89453125 0.712890625 0.904296875 0.708984375 0.90625 0.703125 0.900390625 0.703125 0.890625 0.7109375 0.888671875
3 0.736328125 0.7890625 0.740234375 0.7890625 0.744140625 0.79296875 0.744140625 0.802734375 0.73828125 0.8046875 0.734375 0.80078125 0.734375 0.79296875 0.736328125 0.791015625
3 0.779296875 0.572265625 0.779296875 0.583984375 0.7734375 0.58984375 0.7734375 0.59375 0.771484375 0.59375 0.771484375 0.576171875 0.77734375 0.572265625
3 0.671875 0.369140625 0.677734375 0.37109375 0.677734375 0.37890625 0.671875 0.384765625 0.669921875 0.380859375 0.669921875 0.373046875 0.671875 0.37109375
3 0.2890625 0.380859375 0.28125 0.3671875 0.28125 0.357421875 0.283203125 0.35546875 0.2890625 0.361328125 0.2890625 0.376953125 0.291015625 0.380859375
3 0.259765625 0.205078125 0.263671875 0.20703125 0.267578125 0.21484375 0.267578125 0.224609375 0.26171875 0.23046875 0.259765625 0.20703125
3 0.26953125 0.20703125 0.27734375 0.216796875 0.27734375 0.23046875 0.2734375 0.23046875 0.271484375 0.2265625 0.267578125 0.208984375
3 0.685546875 0.384765625 0.689453125 0.384765625 0.693359375 0.392578125 0.693359375 0.3984375 0.6875 0.400390625 0.68359375 0.396484375 0.685546875 0.38671875
3 0.810546875 0.671875 0.810546875 0.662109375 0.818359375 0.654296875 0.82421875 0.658203125 0.82421875 0.662109375 0.8125 0.671875
3 0.583984375 0.666015625 0.587890625 0.669921875 0.587890625 0.67578125 0.58203125 0.681640625 0.58203125 0.685546875 0.578125 0.6875 0.576171875 0.681640625 0.576171875 0.67578125 0.58203125 0.66796875
3 0.689453125 0.080078125 0.689453125 0.095703125 0.685546875 0.1015625 0.685546875 0.10546875 0.681640625 0.10546875 0.681640625 0.1015625 0.68359375 0.099609375 0.68359375 0.0859375 0.6875 0.08203125
3 0.6953125 0.861328125 0.701171875 0.86328125 0.701171875 0.87109375 0.69921875 0.873046875 0.6953125 0.873046875 0.6953125 0.86328125