3 0.498046875 0.998046875 0.5 0.9921875 0.50390625 0.994140625 0.50390625 0.998046875 0.5 0.998046875
3 0.4970703125 0.6884765625 0.01549479166666673 0.02734375
3 0.498046875 0.66015625 0.501953125 0.658203125 0.501953125 0.6484375 0.5078125 0.65234375 0.50390625 0.66015625 0.50390625 0.673828125 0.5 0.67578125 0.498046875 0.662109375
3 0.509765625 0.62890625 0.509765625 0.625 0.51171875 0.625 0.509765625 0.630859375 0.51171875 0.634765625 0.51171875 0.6484375 0.5078125 0.650390625 0.505859375 0.64453125 0.5078125 0.630859375
3 0.515625 0.67578125 0.515625 0.6640625 0.513671875 0.66015625 0.517578125 0.654296875 0.525390625 0.654296875 0.51953125 0.66015625 0.521484375 0.673828125 0.517578125 0.67578125
3 0.20703125 0.572265625 0.208984375 0.5703125 0.208984375 0.5625 0.21484375 0.5546875 0.216796875 0.544921875 0.220703125 0.541015625 0.224609375 0.541015625 0.224609375 0.548828125 0.220703125 0.552734375 0.220703125 0.5625 0.208984375 0.57421875
3 0.212890625 0.560546875 0.216796875 0.544921875 0.220703125 0.541015625 0.224609375 0.541015625 0.224609375 0.548828125 0.220703125 0.556640625 0.21484375 0.560546875
3 0.078125 0.408203125 0.076171875 0.404296875 0.078125 0.3984375 0.08984375 0.38671875 0.09375 0.388671875 0.09375 0.39453125 0.080078125 0.408203125
3 0.205078125 0.58203125 0.2109375 0.58203125 0.212890625 0.587890625 0.205078125 0.599609375 0.201171875 0.6015625 0.19921875 0.607421875 0.1953125 0.607421875 0.19921875 0.58984375 0.205078125 0.583984375
3 0.8203125 0.146484375 0.8203125 0.16015625 0.8125 0.16796875 0.806640625 0.1640625 0.80859375 0.154296875 0.818359375 0.146484375
3 0.21875 0.55859375 0.22265625 0.560546875 0.22265625 0.564453125 0.21875 0.564453125 0.2109375 0.572265625 0.208984375 0.572265625 0.2109375 0.5703125 0.208984375 0.568359375 0.208984375 0.5625 0.216796875 0.55859375
3 0.525390625 0.671875 0.529296875 0.671875 0.529296875 0.68359375 0.5234375 0.693359375 0.5234375 0.697265625 0.51953125 0.697265625 0.517578125 0.69140625 0.5234375 0.68359375 0.525390625 0.673828125
3 0.775390625 0.4921875 0.779296875 0.498046875 0.779296875 0.501953125 0.76953125 0.5078125 0.767578125 0.505859375 0.767578125 0.49609375 0.7734375 0.4921875
3 0.73046875 0.779296875 0.734375 0.78125 0.734375 0.787109375 0.7421875 0.796875 0.7421875 0.802734375 0.744140625 0.8046875 0.740234375 0.806640625 0.740234375 0.814453125 0.736328125 0.810546875 0.736328125 0.80078125 0.7265625 0.791015625 0.7265625 0.783203125 0.728515625 0.78125