3 0.6513671875 1.0205078125 0.03125 0.04296875
3 0.6865234375 1.0224609375 0.03515625 0.05078125
3 0.7490234375 1.02734375 0.03515625 0.05859375
4 0.220703125 0.1875 0.23046875 0.185546875 0.234375 0.193359375 0.232421875 0.19921875 0.2265625 0.201171875 0.22265625 0.19921875 0.220703125 0.189453125
4 0.1171875 0.60546875 0.1171875 0.615234375 0.111328125 0.62109375 0.10546875 0.615234375 0.10546875 0.607421875 0.115234375 0.60546875
4 0.0625 0.62890625 0.068359375 0.630859375 0.06640625 0.6328125 0.068359375 0.642578125 0.0625 0.6484375 0.060546875 0.654296875 0.056640625 0.6484375 0.05859375 0.6328125 0.060546875 0.630859375
4 0.16015625 0.2578125 0.15625 0.248046875 0.162109375 0.23828125 0.166015625 0.236328125 0.169921875 0.240234375 0.169921875 0.244140625 0.1640625 0.255859375 0.162109375 0.255859375
4 0.228515625 0.220703125 0.23046875 0.2265625 0.228515625 0.23046875 0.22265625 0.23046875 0.22265625 0.22265625 0.2265625 0.220703125
4 0.05859375 0.265625 0.0625 0.2734375 0.046875 0.28515625 0.04296875 0.279296875 0.044921875 0.275390625 0.05078125 0.267578125 0.056640625 0.267578125
4 0.271484375 0.53125 0.2734375 0.546875 0.26953125 0.55078125 0.265625 0.541015625 0.265625 0.533203125 0.26953125 0.53125
4 0.0625 0.435546875 0.072265625 0.43359375 0.072265625 0.4453125 0.06640625 0.44921875 0.060546875 0.447265625 0.060546875 0.439453125 0.0625 0.4375
4 0 0.82421875 0.00390625 0.822265625 0.009765625 0.82421875 0.00390625 0.830078125 0.001953125 0.8359375 0 0.8359375 0 0.826171875
4 0.052734375 0.36328125 0.0546875 0.365234375 0.06640625 0.36328125 0.060546875 0.373046875 0.052734375 0.380859375 0.044921875 0.37890625 0.048828125 0.365234375 0.05078125 0.365234375
4 0.05078125 0.603515625 0.056640625 0.603515625 0.05859375 0.6015625 0.0625 0.611328125 0.05859375 0.619140625 0.052734375 0.62109375 0.05078125 0.6171875 0.05078125 0.60546875