0 0.2412109375 0.7001953125 0.01953125 0.037109375
0 0.203125 0.849609375 0.021484375 0.041015625
0 0.8115234375 0.4931640625 0.021484375 0.033203125
0 0.607421875 0.9853515625 0.0234375 0.029296875
0 0.2119140625 0.8515625 0.01953125 0.0390625
0 0.7841796875 0.3134765625 0.01953125 0.03515625
0 0.8408203125 0.455078125 0.021484375 0.037109375
0 0.7763671875 0.5478515625 0.01953125 0.03125
0 0.6455078125 0.72265625 0.017578125 0.0234375
0 0.6630859375 0.7099609375 0.013671875 0.013671875
1 0.01953125 0.517578125 0.0390625 0.1171875
1 0.0068359375 0.4755859375 0.013671875 0.107421875