0 0.623046875 0.9169921875 0.0166015625 0.0185546875
0 0.5322265625 0.11328125 0.01171875 0.0263671875
0 0.546875 0.1123046875 0.0126953125 0.0244140625
0 0.6826171875 0.490234375 0.0107421875 0.0283203125
0 0.611328125 0.9130859375 0.0126953125 0.0263671875
0 0.884765625 0.931640625 0.0166015625 0.03125
0 0.9072265625 0.0771484375 0.015625 0.0322265625
0 0.92578125 0.0908203125 0.0146484375 0.0263671875
0 0.9228515625 0.0546875 0.013671875 0.03515625
0 0.986328125 0.4697265625 0.01953125 0.03125
0 0.9931640625 0.423828125 0.013671875 0.03125
0 0.533203125 0.408203125 0.009765625 0.0146484375
0 0.8310546875 0.08984375 0.0185546875 0.0400390625