4 0.66015625 0.09765625 0.6640625 0.1015625 0.66015625 0.11328125 0.66015625 0.12109375 0.662109375 0.123046875 0.66015625 0.126953125 0.65234375 0.126953125 0.650390625 0.12890625 0.646484375 0.123046875 0.654296875 0.1171875 0.654296875 0.109375 0.65625 0.107421875 0.65625 0.1015625 0.654296875 0.099609375 0.658203125 0.09765625
4 0.224609375 0.126953125 0.23046875 0.12890625 0.23046875 0.134765625 0.236328125 0.150390625 0.236328125 0.15625 0.232421875 0.16015625 0.228515625 0.16015625 0.228515625 0.15234375 0.224609375 0.142578125 0.224609375 0.12890625
4 0.2421875 0.1328125 0.248046875 0.134765625 0.25390625 0.15234375 0.25390625 0.1640625 0.25 0.16796875 0.244140625 0.1640625 0.2421875 0.16015625 0.2421875 0.146484375 0.240234375 0.14453125 0.240234375 0.13671875 0.2421875 0.134765625
4 0.248046875 0.095703125 0.25390625 0.099609375 0.255859375 0.1171875 0.259765625 0.119140625 0.259765625 0.125 0.255859375 0.125 0.248046875 0.1171875 0.248046875 0.111328125 0.24609375 0.109375 0.248046875 0.09765625
4 0.658203125 0.109375 0.6640625 0.123046875 0.658203125 0.142578125 0.66015625 0.146484375 0.658203125 0.150390625 0.65625 0.150390625 0.65625 0.146484375 0.65234375 0.142578125 0.65625 0.130859375 0.65625 0.12109375 0.654296875 0.119140625 0.65625 0.1171875 0.65625 0.111328125
4 0.1171875 0.736328125 0.12109375 0.73828125 0.12109375 0.744140625 0.1171875 0.748046875 0.1171875 0.751953125 0.11328125 0.7578125 0.107421875 0.751953125 0.107421875 0.740234375 0.111328125 0.734375 0.115234375 0.736328125
4 0.244140625 0.107421875 0.251953125 0.123046875 0.251953125 0.130859375 0.259765625 0.142578125 0.25390625 0.142578125 0.248046875 0.134765625 0.2421875 0.1328125 0.2421875 0.12109375 0.240234375 0.1171875 0.244140625 0.109375
4 0.654296875 0.1015625 0.654296875 0.09375 0.658203125 0.083984375 0.65625 0.07421875 0.66015625 0.064453125 0.6640625 0.068359375 0.666015625 0.0859375 0.6640625 0.087890625 0.6640625 0.09765625 0.662109375 0.099609375 0.658203125 0.09765625 0.65625 0.1015625
4 0.751953125 0.171875 0.75390625 0.173828125 0.75390625 0.1796875 0.751953125 0.181640625 0.75390625 0.1875 0.75 0.201171875 0.74609375 0.201171875 0.740234375 0.1953125 0.7421875 0.193359375 0.7421875 0.185546875 0.75 0.173828125
4 0.046875 0.384765625 0.052734375 0.396484375 0.05078125 0.40625 0.048828125 0.408203125 0.037109375 0.396484375 0.046875 0.38671875
4 0.220703125 0.10546875 0.23046875 0.12109375 0.228515625 0.12890625 0.22265625 0.130859375 0.22265625 0.123046875 0.21875 0.119140625 0.21875 0.109375 0.220703125 0.107421875
4 0 0.09375 0.001953125 0.09375 0 0.10546875 0 0.095703125