4 0.775390625 0.697265625 0.77734375 0.69921875 0.77734375 0.705078125 0.771484375 0.70703125 0.765625 0.705078125 0.765625 0.693359375 0.76953125 0.69140625 0.7734375 0.697265625
4 0.89453125 0.466796875 0.896484375 0.46875 0.896484375 0.48046875 0.888671875 0.484375 0.8828125 0.4921875 0.8828125 0.482421875 0.892578125 0.46875
4 0.8779296875 0.291015625 0.0107421875 0.025390625
4 0.83203125 0.3193359375 0.0107421875 0.0166015625
4 0.82421875 0.640625 0.830078125 0.64453125 0.830078125 0.650390625 0.826171875 0.658203125 0.8203125 0.662109375 0.818359375 0.66015625 0.818359375 0.650390625 0.82421875 0.642578125
4 0.765625 0.666015625 0.771484375 0.66796875 0.771484375 0.67578125 0.765625 0.67578125 0.765625 0.66796875
4 0.9228515625 0.6201171875 0.0185546875 0.0205078125
4 0.69921875 0.3984375 0.6953125 0.392578125 0.6953125 0.3828125 0.69921875 0.380859375 0.701171875 0.384765625 0.701171875 0.390625 0.703125 0.392578125 0.701171875 0.396484375
4 0.912109375 0.103515625 0.916015625 0.10546875 0.916015625 0.11328125 0.912109375 0.1171875 0.908203125 0.126953125 0.904296875 0.126953125 0.912109375 0.10546875
4 0.900390625 0.54296875 0.90625 0.525390625 0.912109375 0.525390625 0.9140625 0.52734375 0.9140625 0.54296875 0.912109375 0.541015625 0.90234375 0.54296875
4 0.8828125 0.30859375 0.88671875 0.30859375 0.890625 0.314453125 0.890625 0.322265625 0.884765625 0.326171875 0.880859375 0.322265625 0.880859375 0.3125 0.8828125 0.310546875