3 0.201171875 0.8515625 0.2109375 0.861328125 0.212890625 0.875 0.21484375 0.876953125 0.212890625 0.87890625 0.21484375 0.884765625 0.212890625 0.88671875 0.212890625 0.892578125 0.21484375 0.89453125 0.212890625 0.8984375 0.21484375 0.90625 0.212890625 0.908203125 0.21484375 0.91015625 0.21484375 0.92578125 0.216796875 0.927734375 0.21484375 0.935546875 0.216796875 0.9375 0.21484375 0.94140625 0.208984375 0.943359375 0.205078125 0.943359375 0.193359375 0.935546875 0.19140625 0.9296875 0.19140625 0.9140625 0.189453125 0.912109375 0.19140625 0.90625 0.1875 0.89453125 0.189453125 0.888671875 0.185546875 0.87890625 0.1875 0.873046875 0.185546875 0.869140625 0.1875 0.86328125 0.185546875 0.861328125 0.189453125 0.857421875 0.189453125 0.853515625 0.19921875 0.8515625
3 0.08203125 0.814453125 0.083984375 0.81640625 0.09765625 0.818359375 0.10546875 0.828125 0.10546875 0.83984375 0.103515625 0.841796875 0.107421875 0.853515625 0.107421875 0.859375 0.10546875 0.861328125 0.109375 0.86328125 0.107421875 0.869140625 0.111328125 0.87890625 0.109375 0.8828125 0.111328125 0.900390625 0.107421875 0.91015625 0.099609375 0.916015625 0.08984375 0.912109375 0.087890625 0.90625 0.0859375 0.890625 0.080078125 0.873046875 0.08203125 0.865234375 0.078125 0.85546875 0.080078125 0.849609375 0.076171875 0.837890625 0.076171875 0.826171875 0.080078125 0.81640625
3 0.119140625 0.830078125 0.130859375 0.833984375 0.138671875 0.841796875 0.138671875 0.865234375 0.140625 0.8671875 0.138671875 0.875 0.14453125 0.892578125 0.142578125 0.89453125 0.142578125 0.900390625 0.14453125 0.90234375 0.142578125 0.91796875 0.140625 0.919921875 0.125 0.91796875 0.12109375 0.912109375 0.12109375 0.904296875 0.11328125 0.876953125 0.115234375 0.87109375 0.11328125 0.865234375 0.115234375 0.861328125 0.111328125 0.8515625 0.111328125 0.841796875 0.1171875 0.83203125
3 0.169921875 0.84375 0.177734375 0.853515625 0.177734375 0.859375 0.17578125 0.861328125 0.177734375 0.86328125 0.17578125 0.869140625 0.177734375 0.87109375 0.177734375 0.876953125 0.17578125 0.87890625 0.177734375 0.884765625 0.17578125 0.88671875 0.181640625 0.90625 0.1796875 0.91015625 0.181640625 0.9140625 0.1796875 0.91796875 0.181640625 0.923828125 0.1796875 0.935546875 0.171875 0.94140625 0.16015625 0.939453125 0.15625 0.93359375 0.154296875 0.91796875 0.1484375 0.900390625 0.150390625 0.8984375 0.150390625 0.892578125 0.1484375 0.890625 0.1484375 0.875 0.146484375 0.873046875 0.1484375 0.87109375 0.146484375 0.865234375 0.146484375 0.845703125 0.150390625 0.83984375 0.15234375 0.837890625 0.158203125 0.837890625 0.16796875 0.84375
3 0.05859375 0.8125 0.0625 0.8125 0.068359375 0.818359375 0.0703125 0.82421875 0.0703125 0.830078125 0.072265625 0.83203125 0.0703125 0.8359375 0.072265625 0.83984375 0.0703125 0.84375 0.072265625 0.849609375 0.0703125 0.85546875 0.076171875 0.875 0.07421875 0.87890625 0.076171875 0.884765625 0.07421875 0.8828125 0.07421875 0.875 0.05859375 0.814453125
3 0.234375 0.87109375 0.244140625 0.876953125 0.251953125 0.888671875 0.25 0.892578125 0.25 0.9140625 0.251953125 0.916015625 0.25 0.919921875 0.251953125 0.923828125 0.25 0.9296875 0.251953125 0.93359375 0.25 0.9609375 0.244140625 0.96484375 0.234375 0.962890625 0.23046875 0.958984375 0.23046875 0.953125 0.2265625 0.943359375 0.2265625 0.91796875 0.224609375 0.916015625 0.224609375 0.892578125 0.22265625 0.890625 0.224609375 0.884765625 0.22265625 0.880859375 0.2265625 0.876953125 0.2265625 0.873046875 0.232421875 0.873046875
4 0.8447265625 0.6796875 0.015625 0.0234375
4 0.83203125 0.693359375 0.83984375 0.701171875 0.83984375 0.70703125 0.841796875 0.708984375 0.83984375 0.712890625 0.833984375 0.708984375 0.833984375 0.705078125 0.830078125 0.701171875 0.83203125 0.6953125
4 0.76171875 0.294921875 0.76171875 0.298828125 0.765625 0.30078125 0.765625 0.3125 0.759765625 0.3125 0.755859375 0.306640625 0.75390625 0.30078125 0.759765625 0.294921875
4 0.49609375 0.9375 0.5 0.939453125 0.501953125 0.955078125 0.50390625 0.95703125 0.50390625 0.962890625 0.498046875 0.96484375 0.498046875 0.95703125 0.49609375 0.955078125 0.49609375 0.943359375 0.498046875 0.939453125
4 0.69921875 0.2578125 0.703125 0.259765625 0.705078125 0.265625 0.701171875 0.26953125 0.697265625 0.263671875 0.69921875 0.259765625
4 0.857421875 0.4375 0.861328125 0.44140625 0.8671875 0.439453125 0.873046875 0.455078125 0.87109375 0.45703125 0.865234375 0.455078125 0.85546875 0.443359375 0.85546875 0.439453125
4 0.703125 0.22265625 0.70703125 0.224609375 0.708984375 0.23046875 0.708984375 0.23828125 0.703125 0.240234375 0.6953125 0.23828125 0.697265625 0.224609375 0.701171875 0.22265625
4 0.857421875 0.353515625 0.8671875 0.35546875 0.873046875 0.361328125 0.875 0.3671875 0.875 0.373046875 0.869140625 0.373046875 0.86328125 0.3671875 0.86328125 0.361328125 0.857421875 0.35546875
4 0.890625 0.900390625 0.900390625 0.90625 0.904296875 0.9140625 0.904296875 0.91796875 0.8984375 0.91796875 0.8984375 0.912109375 0.89453125 0.91015625 0.890625 0.90234375
4 0.853515625 0.52734375 0.845703125 0.515625 0.845703125 0.509765625 0.849609375 0.5078125 0.857421875 0.515625 0.85546875 0.525390625