4 0.73046875 0.6875 0.740234375 0.689453125 0.744140625 0.6953125 0.734375 0.705078125 0.73046875 0.69921875 0.73046875 0.689453125
4 0.79296875 0.2578125 0.798828125 0.259765625 0.798828125 0.265625 0.80078125 0.267578125 0.796875 0.2734375 0.79296875 0.2734375 0.791015625 0.26953125 0.791015625 0.26171875 0.79296875 0.259765625
4 0.779296875 0.61328125 0.78515625 0.619140625 0.779296875 0.634765625 0.7734375 0.630859375 0.7734375 0.625 0.77734375 0.615234375
4 0.431640625 0.044921875 0.4296875 0.04296875 0.4296875 0.03125 0.427734375 0.029296875 0.427734375 0.017578125 0.4296875 0.015625 0.43359375 0.017578125 0.431640625 0.04296875
4 0.82421875 0.42578125 0.818359375 0.419921875 0.82421875 0.41015625 0.82421875 0.40625 0.828125 0.404296875 0.830078125 0.408203125 0.830078125 0.41796875 0.826171875 0.423828125
4 0.859375 0.568359375 0.859375 0.5625 0.86328125 0.556640625 0.873046875 0.55078125 0.873046875 0.5625 0.87109375 0.564453125 0.873046875 0.568359375 0.861328125 0.568359375 0.859375 0.5703125
4 0.80078125 0.0546875 0.806640625 0.02734375 0.810546875 0.025390625 0.814453125 0.029296875 0.814453125 0.033203125 0.80078125 0.056640625
4 0.85546875 0.466796875 0.857421875 0.474609375 0.849609375 0.482421875 0.84765625 0.490234375 0.845703125 0.490234375 0.845703125 0.484375 0.84765625 0.482421875 0.841796875 0.478515625 0.841796875 0.474609375 0.853515625 0.466796875
4 0.783203125 0.232421875 0.787109375 0.23828125 0.787109375 0.248046875 0.783203125 0.251953125 0.779296875 0.24609375 0.783203125 0.234375
3 0.16796875 0.1484375 0.162109375 0.13671875 0.16015625 0.08984375 0.158203125 0.087890625 0.158203125 0.072265625 0.16796875 0.064453125 0.173828125 0.064453125 0.177734375 0.0703125 0.177734375 0.083984375 0.181640625 0.09375 0.181640625 0.11328125 0.18359375 0.115234375 0.18359375 0.126953125 0.185546875 0.12890625 0.18359375 0.142578125 0.173828125 0.150390625 0.169921875 0.1484375
3 0.07421875 0.189453125 0.068359375 0.17578125 0.068359375 0.14453125 0.06640625 0.142578125 0.06640625 0.109375 0.068359375 0.107421875 0.068359375 0.1015625 0.07421875 0.09765625 0.080078125 0.09765625 0.087890625 0.107421875 0.08984375 0.130859375 0.091796875 0.1328125 0.091796875 0.1640625 0.095703125 0.173828125 0.091796875 0.185546875 0.083984375 0.189453125 0.076171875 0.189453125
3 0.111328125 0.08984375 0.115234375 0.09375 0.119140625 0.10546875 0.119140625 0.140625 0.12109375 0.142578125 0.12109375 0.154296875 0.123046875 0.15625 0.12109375 0.166015625 0.111328125 0.173828125 0.10546875 0.173828125 0.099609375 0.166015625 0.09765625 0.125 0.095703125 0.123046875 0.095703125 0.1015625 0.09765625 0.095703125 0.1015625 0.091796875 0.109375 0.08984375
3 0.142578125 0.0703125 0.150390625 0.09375 0.150390625 0.115234375 0.15234375 0.1171875 0.15234375 0.13671875 0.154296875 0.138671875 0.154296875 0.15625 0.142578125 0.1640625 0.134765625 0.1640625 0.130859375 0.16015625 0.126953125 0.12890625 0.125 0.126953125 0.125 0.076171875 0.130859375 0.0703125 0.140625 0.0703125
3 0.19921875 0.041015625 0.205078125 0.046875 0.208984375 0.060546875 0.208984375 0.07421875 0.2109375 0.076171875 0.212890625 0.099609375 0.21484375 0.1015625 0.21484375 0.119140625 0.212890625 0.123046875 0.203125 0.12890625 0.19921875 0.12890625 0.193359375 0.123046875 0.193359375 0.1171875 0.19140625 0.115234375 0.19140625 0.1015625 0.1875 0.08984375 0.1875 0.046875 0.193359375 0.04296875 0.197265625 0.04296875
3 0.052734375 0.1171875 0.05859375 0.123046875 0.05859375 0.12890625 0.060546875 0.130859375 0.060546875 0.162109375 0.064453125 0.173828125 0.064453125 0.1875 0.0546875 0.197265625 0.046875 0.197265625 0.041015625 0.19140625 0.0390625 0.185546875 0.0390625 0.158203125 0.037109375 0.15625 0.037109375 0.123046875 0.044921875 0.1171875 0.05078125 0.1171875