4 0.841796875 0.044921875 0.83984375 0.0390625 0.85546875 0.0390625 0.8515625 0.044921875 0.84375 0.044921875
4 0.84765625 0.048828125 0.853515625 0.046875 0.859375 0.0546875 0.859375 0.060546875 0.85546875 0.06640625 0.853515625 0.064453125 0.84375 0.064453125 0.84765625 0.05078125
4 0.58203125 0.1953125 0.587890625 0.1953125 0.5859375 0.208984375 0.580078125 0.205078125 0.580078125 0.19921875 0.58203125 0.197265625
4 0.583984375 0.22265625 0.5859375 0.224609375 0.58203125 0.228515625 0.580078125 0.24609375 0.576171875 0.24609375 0.572265625 0.232421875 0.578125 0.23046875 0.58203125 0.224609375
4 0.6318359375 0.291015625 0.015625 0.025390625
4 0.58203125 0.208984375 0.580078125 0.201171875 0.587890625 0.193359375 0.58984375 0.193359375 0.591796875 0.208984375 0.58984375 0.21484375 0.583984375 0.208984375
4 0.859375 0.068359375 0.865234375 0.07421875 0.865234375 0.080078125 0.861328125 0.08984375 0.85546875 0.08984375 0.849609375 0.083984375 0.853515625 0.0703125 0.857421875 0.068359375
4 0.60546875 0.283203125 0.6015625 0.275390625 0.603515625 0.2578125 0.607421875 0.255859375 0.607421875 0.263671875 0.611328125 0.271484375 0.607421875 0.28125
4 0.587890625 0.201171875 0.591796875 0.203125 0.591796875 0.216796875 0.587890625 0.21484375 0.5859375 0.208984375 0.587890625 0.203125
4 0.59765625 0.220703125 0.595703125 0.2265625 0.59765625 0.228515625 0.59765625 0.23828125 0.59375 0.240234375 0.58984375 0.236328125 0.58984375 0.228515625 0.595703125 0.22265625
4 0.687125923828125 0.73104885546875 0.6858709765625 0.745828212890625 0.691885828125 0.751544560546875 0.69295063671875 0.733755166015625 0.687125923828125 0.73104885546875