0 0.8701171875 0.439453125 0.021484375 0.029296875
0 0.80859375 0.7451171875 0.013671875 0.025390625
0 0.8525390625 0.5185546875 0.01953125 0.0234375
0 0.8310546875 0.96875 0.015625 0.01953125
1 0.197265625 0.921875 0.044921875 0.099609375
1 0.1650390625 0.8955078125 0.04296875 0.099609375
1 0.1318359375 0.8857421875 0.04296875 0.103515625
1 0.0986328125 0.8701171875 0.03515625 0.099609375
1 0.06640625 0.857421875 0.04296875 0.1015625
1 0.037109375 0.8447265625 0.03515625 0.09375
0 0.4404296875 0.9794921875 0.013671875 0.041015625
0 0.775390625 0.37109375 0.015625 0.033203125