0 0.1708984375 0.7421875 0.0234375 0.03125
0 0.1162109375 0.5712890625 0.01953125 0.03125
0 0.7763671875 0.9072265625 0.0234375 0.03125
0 0.6748046875 0.1787109375 0.01953125 0.037109375
0 0.873046875 0.52734375 0.013671875 0.021484375
0 0.650390625 0.6142578125 0.013671875 0.0234375
0 0.79296875 0.4462890625 0.015625 0.0234375
0 0.8037109375 0.9248046875 0.021484375 0.0234375
0 0.6357421875 0.5947265625 0.015625 0.017578125
0 0.779296875 0.830078125 0.01953125 0.02734375
0 0.1279296875 0.5732421875 0.01953125 0.03125