0 0.3447265625 0.5322265625 0.013671875 0.021484375
0 0.77734375 0.5947265625 0.0234375 0.02734375
0 0.8134765625 0.4345703125 0.015625 0.029296875
0 0.205078125 0.8486328125 0.0234375 0.025390625
0 0.2275390625 0.8134765625 0.017578125 0.029296875
0 0.80078125 0.4365234375 0.015625 0.029296875
0 0.2900390625 0.1669921875 0.021484375 0.04296875
0 0.1201171875 0.4912109375 0.013671875 0.01953125
0 0.0283203125 0.3359375 0.015625 0.0234375
0 0.228515625 0.765625 0.017578125 0.025390625
0 0.3310546875 0.5478515625 0.015625 0.01953125