0 0.419921875 0.767578125 0.0107421875 0.0234375
0 0.828125 0.322265625 0.0107421875 0.0302734375
0 0.20703125 0.974609375 0.0166015625 0.021484375
0 0.380859375 0.7197265625 0.01171875 0.021484375
0 0.95703125 0.2919921875 0.0126953125 0.0244140625
0 0.9560546875 0.3134765625 0.01171875 0.021484375
0 0.4033203125 0.7353515625 0.0146484375 0.0419921875
0 0.4345703125 0.7626953125 0.0126953125 0.03515625
0 0.43359375 0.796875 0.009765625 0.029296875
0 0.1923828125 0.9365234375 0.0185546875 0.021484375
0 0.201171875 0.9580078125 0.0166015625 0.0185546875