0 0.8681640625 0.5224609375 0.013671875 0.021484375
0 0.8564453125 0.982421875 0.025390625 0.0234375
0 0.7763671875 0.4619140625 0.01171875 0.01953125
0 0.61328125 0.177734375 0.013671875 0.04296875
0 0.6396484375 0.6640625 0.01171875 0.021484375
0 0.873046875 0.962890625 0.0234375 0.0234375
0 0.88671875 0.53125 0.013671875 0.01953125
0 0.103515625 0.83984375 0.017578125 0.029296875
0 0.759765625 0.4580078125 0.013671875 0.021484375
0 0.8232421875 0.8583984375 0.015625 0.033203125
0 0.0927734375 0.845703125 0.021484375 0.033203125