3 0.662109375 0.181640625 0.666015625 0.185546875 0.666015625 0.19140625 0.65625 0.1953125 0.650390625 0.19140625 0.66015625 0.181640625
3 0.39453125 0.109375 0.404296875 0.107421875 0.416015625 0.119140625 0.421875 0.12109375 0.40625 0.12109375 0.396484375 0.115234375 0.39453125 0.111328125
3 0.224609375 0.1640625 0.2265625 0.166015625 0.228515625 0.1640625 0.234375 0.166015625 0.234375 0.169921875 0.228515625 0.173828125 0.216796875 0.169921875 0.22265625 0.1640625
3 0.2578125 0.205078125 0.26953125 0.205078125 0.271484375 0.20703125 0.26953125 0.212890625 0.2578125 0.212890625 0.255859375 0.2109375 0.2578125 0.20703125
3 0.5859375 0.146484375 0.58984375 0.138671875 0.599609375 0.138671875 0.603515625 0.142578125 0.607421875 0.142578125 0.607421875 0.1484375 0.60546875 0.150390625 0.59765625 0.150390625 0.591796875 0.146484375 0.587890625 0.146484375
3 0.631908275462963 0.19578269675925924 0.01403356481481477 0.009968171296296319
3 0.537109375 0.044921875 0.5390625 0.046875 0.541015625 0.044921875 0.548828125 0.05078125 0.55078125 0.056640625 0.548828125 0.05859375 0.544921875 0.05859375 0.53125 0.05078125 0.529296875 0.046875 0.53515625 0.044921875
3 0.375 0.322265625 0.37890625 0.326171875 0.373046875 0.33203125 0.36328125 0.333984375 0.361328125 0.330078125 0.3671875 0.32421875 0.373046875 0.32421875
3 0.041015625 0.169921875 0.0546875 0.17578125 0.02734375 0.17578125 0.02734375 0.171875 0.03125 0.16796875 0.0390625 0.169921875
3 0.46484375 0.076171875 0.462890625 0.080078125 0.46875 0.087890625 0.466796875 0.091796875 0.453125 0.08984375 0.447265625 0.0859375 0.447265625 0.08203125 0.451171875 0.078125 0.462890625 0.076171875
3 0.23828125 0.154296875 0.244140625 0.150390625 0.25390625 0.150390625 0.255859375 0.15234375 0.25390625 0.16015625 0.24609375 0.16015625 0.244140625 0.162109375 0.23828125 0.15625