3 0.017578125 0.5546875 0.025390625 0.5625 0.029296875 0.5703125 0.029296875 0.58203125 0.0234375 0.595703125 0.0234375 0.6015625 0.01953125 0.60546875 0.01953125 0.61328125 0.015625 0.62109375 0.015625 0.630859375 0.01171875 0.63671875 0.01171875 0.642578125 0.00390625 0.650390625 0 0.6484375 0 0.57421875 0.0078125 0.556640625 0.009765625 0.5546875 0.015625 0.5546875
3 0.046875 0.59375 0.05859375 0.60546875 0.056640625 0.607421875 0.05859375 0.609375 0.05859375 0.623046875 0.048828125 0.646484375 0.048828125 0.654296875 0.041015625 0.666015625 0.041015625 0.673828125 0.03125 0.689453125 0.021484375 0.685546875 0.015625 0.677734375 0.015625 0.66015625 0.021484375 0.65234375 0.0234375 0.630859375 0.029296875 0.619140625 0.03125 0.607421875 0.03515625 0.603515625 0.037109375 0.595703125 0.041015625 0.591796875 0.044921875 0.59375
3 -0.015625 0.5751953125 0.03125 0.109375
4 0.29296875 0.771484375 0.294921875 0.767578125 0.294921875 0.771484375 0.291015625 0.779296875 0.291015625 0.794921875 0.2890625 0.798828125 0.287109375 0.80078125 0.28515625 0.798828125 0.283203125 0.7890625 0.291015625 0.7734375
4 0.68359375 0.96484375 0.689453125 0.96875 0.689453125 0.9765625 0.69140625 0.978515625 0.69140625 0.990234375 0.685546875 0.98828125 0.68359375 0.982421875 0.68359375 0.966796875
4 0.775390625 0.533203125 0.779296875 0.533203125 0.78125 0.552734375 0.783203125 0.5546875 0.779296875 0.560546875 0.771484375 0.548828125 0.771484375 0.541015625 0.775390625 0.53515625
4 0.716796875 0.21484375 0.72265625 0.212890625 0.728515625 0.220703125 0.728515625 0.224609375 0.724609375 0.23046875 0.71484375 0.228515625 0.712890625 0.224609375 0.716796875 0.216796875
4 0.751953125 0.30859375 0.755859375 0.3125 0.755859375 0.32421875 0.751953125 0.328125 0.748046875 0.326171875 0.74609375 0.314453125 0.75 0.310546875
4 0.802734375 0.47265625 0.806640625 0.486328125 0.8125 0.48828125 0.8125 0.5 0.810546875 0.501953125 0.802734375 0.49609375 0.80078125 0.4921875 0.802734375 0.474609375
4 0.287109375 0.943359375 0.2890625 0.92578125 0.294921875 0.916015625 0.298828125 0.919921875 0.298828125 0.9296875 0.294921875 0.94140625 0.287109375 0.9453125
4 0.83203125 0.423828125 0.83203125 0.4296875 0.837890625 0.439453125 0.837890625 0.443359375 0.833984375 0.4453125 0.828125 0.443359375 0.828125 0.43359375 0.82421875 0.4296875 0.830078125 0.423828125
4 0.70703125 0.244140625 0.7109375 0.244140625 0.712890625 0.248046875 0.712890625 0.255859375 0.708984375 0.2578125 0.705078125 0.25390625 0.705078125 0.248046875 0.70703125 0.24609375