4 0.4228515625 0.3310546875 0.017578125 0.03125
4 0.41796875 0.34375 0.421875 0.345703125 0.421875 0.3515625 0.423828125 0.353515625 0.423828125 0.361328125 0.421875 0.36328125 0.42578125 0.369140625 0.42578125 0.373046875 0.419921875 0.37109375 0.41796875 0.345703125
4 0.41796875 0.37109375 0.423828125 0.3828125 0.423828125 0.388671875 0.421875 0.390625 0.423828125 0.3984375 0.419921875 0.396484375 0.4140625 0.3828125 0.416015625 0.373046875
4 0.3984375 0.345703125 0.404296875 0.34765625 0.40625 0.36328125 0.408203125 0.365234375 0.40625 0.37109375 0.400390625 0.37109375 0.3984375 0.34765625
4 0.748046875 0.408203125 0.751953125 0.41015625 0.755859375 0.40625 0.755859375 0.3984375 0.7578125 0.396484375 0.759765625 0.396484375 0.76171875 0.40234375 0.76171875 0.4140625 0.7578125 0.419921875 0.7578125 0.427734375 0.75390625 0.43359375 0.75 0.431640625 0.751953125 0.4140625 0.748046875 0.41015625
4 0.759765625 0.412109375 0.7578125 0.427734375 0.75390625 0.43359375 0.75 0.43359375 0.75 0.423828125 0.751953125 0.421875 0.751953125 0.416015625 0.7578125 0.412109375
4 0.931640625 0.560546875 0.943359375 0.548828125 0.9453125 0.55078125 0.9453125 0.5625 0.94140625 0.56640625 0.94140625 0.5703125 0.9375 0.57421875 0.93359375 0.57421875 0.931640625 0.572265625 0.931640625 0.564453125 0.93359375 0.5625
4 0.759765625 0.361328125 0.765625 0.359375 0.767578125 0.365234375 0.763671875 0.384765625 0.76171875 0.388671875 0.7578125 0.388671875 0.75390625 0.38671875 0.751953125 0.37890625 0.755859375 0.375 0.759765625 0.36328125
4 0.216796875 0.94140625 0.22265625 0.947265625 0.2265625 0.95703125 0.216796875 0.966796875 0.212890625 0.966796875 0.212890625 0.955078125 0.2109375 0.953125 0.21484375 0.943359375
4 0.748046875 0.408203125 0.751953125 0.408203125 0.755859375 0.404296875 0.75390625 0.40234375 0.755859375 0.3984375 0.76171875 0.40234375 0.759765625 0.4140625 0.751953125 0.4140625 0.748046875 0.41015625
4 0.3935546875 0.3388671875 0.013671875 0.03125
4 0.173828125 0.57421875 0.17578125 0.576171875 0.177734375 0.57421875 0.177734375 0.580078125 0.1796875 0.58203125 0.177734375 0.591796875 0.171875 0.591796875 0.1640625 0.58203125 0.1640625 0.580078125 0.171875 0.576171875
4 0.125 0.2421875 0.1328125 0.25 0.134765625 0.255859375 0.14453125 0.26171875 0.146484375 0.267578125 0.146484375 0.275390625 0.140625 0.279296875 0.138671875 0.26953125 0.12890625 0.263671875 0.125 0.244140625