0 0.7958984375 0.9130859375 0.01953125 0.0263671875
0 0.970703125 0.328125 0.0146484375 0.0263671875
0 0.51953125 0.39453125 0.0107421875 0.0419921875
0 0.54296875 0.037109375 0.01171875 0.03515625
0 0.52734375 0.44140625 0.0107421875 0.0400390625
0 0.546875 0.4013671875 0.01171875 0.0341796875
0 0.537109375 0.4130859375 0.01171875 0.0341796875
0 0.2490234375 0.537109375 0.015625 0.0234375
0 0.2373046875 0.490234375 0.0146484375 0.03125
0 0.240234375 0.5185546875 0.009765625 0.0263671875
0 0.0703125 0.740234375 0.021484375 0.01953125