4 0.240234375 0.30078125 0.240234375 0.306640625 0.2421875 0.30859375 0.240234375 0.314453125 0.228515625 0.3125 0.2265625 0.30859375 0.2265625 0.3046875 0.232421875 0.296875 0.23828125 0.30078125
4 0.19921875 0.775390625 0.197265625 0.765625 0.201171875 0.759765625 0.205078125 0.759765625 0.20703125 0.763671875 0.20703125 0.7734375 0.205078125 0.77734375 0.201171875 0.775390625
4 0.19140625 0.376953125 0.19921875 0.37890625 0.197265625 0.396484375 0.189453125 0.39453125 0.189453125 0.380859375 0.19140625 0.37890625
4 0.60546875 0.9921875 0.60546875 0.974609375 0.611328125 0.986328125 0.611328125 0.990234375 0.607421875 0.9921875
4 0.166015625 0.603515625 0.166015625 0.611328125 0.16015625 0.623046875 0.154296875 0.6171875 0.154296875 0.611328125 0.16015625 0.599609375 0.1640625 0.603515625
4 0.11328125 0.451171875 0.11328125 0.45703125 0.1015625 0.470703125 0.09765625 0.46875 0.099609375 0.453125 0.1015625 0.451171875 0.111328125 0.451171875
4 0.2099609375 1.009765625 0.01953125 0.037109375
4 0.13671875 0.544921875 0.138671875 0.546875 0.13671875 0.55078125 0.12890625 0.556640625 0.125 0.556640625 0.12109375 0.552734375 0.126953125 0.546875 0.130859375 0.533203125 0.1328125 0.533203125 0.1328125 0.54296875 0.134765625 0.544921875
4 0.220703125 0.783203125 0.220703125 0.796875 0.216796875 0.802734375 0.212890625 0.794921875 0.212890625 0.7890625 0.21875 0.783203125
3 0.87890625 0.845703125 0.8828125 0.849609375 0.888671875 0.865234375 0.892578125 0.90625 0.896484375 0.919921875 0.896484375 0.92578125 0.892578125 0.9296875 0.892578125 0.93359375 0.888671875 0.935546875 0.87890625 0.935546875 0.875 0.9296875 0.865234375 0.875 0.861328125 0.865234375 0.861328125 0.859375 0.865234375 0.853515625 0.865234375 0.849609375 0.87109375 0.845703125 0.876953125 0.845703125
3 0.974609375 0.84765625 0.0390625 0.103515625
3 0.9453125 0.861328125 0.037109375 0.09375
3 0.90625 0.919921875 0.904296875 0.900390625 0.900390625 0.890625 0.8984375 0.865234375 0.892578125 0.84765625 0.89453125 0.8359375 0.904296875 0.828125 0.9140625 0.828125 0.921875 0.83984375 0.921875 0.8515625 0.923828125 0.853515625 0.92578125 0.873046875 0.927734375 0.875 0.927734375 0.888671875 0.9296875 0.890625 0.9296875 0.904296875 0.927734375 0.90625 0.9296875 0.923828125 0.919921875 0.9296875 0.9140625 0.9296875 0.908203125 0.919921875
3 0.84765625 0.869140625 0.85546875 0.876953125 0.85546875 0.88671875 0.861328125 0.904296875 0.861328125 0.919921875 0.865234375 0.927734375 0.865234375 0.947265625 0.8671875 0.94921875 0.8671875 0.953125 0.86328125 0.958984375 0.85546875 0.962890625 0.849609375 0.958984375 0.84375 0.94921875 0.841796875 0.9296875 0.8359375 0.9140625 0.8359375 0.90234375 0.830078125 0.890625 0.833984375 0.876953125 0.83984375 0.87109375 0.845703125 0.869140625
3 0.998046875 0.78515625 0.998046875 0.86328125 0.994140625 0.85546875 0.994140625 0.833984375 0.986328125 0.8046875 0.98828125 0.79296875 0.99609375 0.787109375