4 0.71484375 0.7109375 0.7265625 0.712890625 0.728515625 0.71875 0.7265625 0.724609375 0.71875 0.728515625 0.71484375 0.7265625 0.712890625 0.720703125 0.712890625 0.71484375 0.71484375 0.712890625
4 0.837890625 0.2578125 0.841796875 0.2578125 0.845703125 0.265625 0.845703125 0.26953125 0.841796875 0.2734375 0.8359375 0.2734375 0.8359375 0.26171875 0.837890625 0.259765625
4 0.7734375 0.638671875 0.78125 0.640625 0.78125 0.6484375 0.7734375 0.66015625 0.767578125 0.65234375 0.771484375 0.6484375 0.7734375 0.640625
4 0.853515625 0.41796875 0.85546875 0.41796875 0.859375 0.42578125 0.859375 0.431640625 0.849609375 0.443359375 0.84765625 0.4375 0.84375 0.435546875 0.8515625 0.42578125 0.853515625 0.419921875
4 0.87109375 0.591796875 0.87890625 0.583984375 0.884765625 0.58203125 0.884765625 0.595703125 0.880859375 0.6015625 0.87109375 0.6015625 0.8671875 0.59765625 0.87109375 0.59375
4 0.8818359375 0.02734375 0.021484375 0.0390625
4 0.875 0.48828125 0.87890625 0.494140625 0.87890625 0.498046875 0.87109375 0.50390625 0.869140625 0.513671875 0.865234375 0.513671875 0.865234375 0.5078125 0.8671875 0.505859375 0.861328125 0.498046875 0.8671875 0.49609375 0.873046875 0.490234375
4 0.83203125 0.23046875 0.8359375 0.23828125 0.83203125 0.25 0.826171875 0.248046875 0.826171875 0.240234375 0.830078125 0.232421875
3 0.181640625 0 0.205078125 0 0.205078125 0.0078125 0.203125 0.009765625 0.203125 0.01953125 0.205078125 0.021484375 0.203125 0.02734375 0.205078125 0.033203125 0.203125 0.052734375 0.193359375 0.060546875 0.185546875 0.060546875 0.18359375 0.05859375 0.177734375 0.041015625 0.1796875 0.0390625 0.1796875 0.02734375 0.177734375 0.0234375 0.1796875 0.021484375 0.181640625 0.001953125
3 0.1015625 0 0.103515625 0.001953125 0.103515625 0.033203125 0.10546875 0.03515625 0.1015625 0.046875 0.103515625 0.05078125 0.1015625 0.052734375 0.1015625 0.08203125 0.099609375 0.0859375 0.08984375 0.091796875 0.078125 0.08984375 0.07421875 0.083984375 0.076171875 0.080078125 0.07421875 0.078125 0.076171875 0.033203125 0.078125 0.03125 0.078125 0.017578125 0.080078125 0.015625 0.080078125 0.001953125 0.08203125 0 0.099609375 0
3 0.11328125 0 0.13671875 0 0.134765625 0.005859375 0.13671875 0.01953125 0.134765625 0.021484375 0.134765625 0.037109375 0.1328125 0.0390625 0.134765625 0.06640625 0.123046875 0.078125 0.1171875 0.078125 0.109375 0.072265625 0.109375 0.052734375 0.111328125 0.05078125 0.109375 0.048828125 0.109375 0.03515625 0.111328125 0.033203125 0.109375 0.01953125 0.111328125 0.017578125 0.111328125 0.00390625 0.11328125 0.001953125
3 0.14453125 0 0.171875 0 0.171875 0.005859375 0.169921875 0.0078125 0.169921875 0.0390625 0.16796875 0.041015625 0.171875 0.0546875 0.16796875 0.064453125 0.1640625 0.068359375 0.154296875 0.072265625 0.146484375 0.0703125 0.140625 0.05859375 0.142578125 0.052734375 0.142578125 0.044921875 0.140625 0.04296875 0.140625 0.037109375 0.142578125 0.03515625 0.142578125 0.005859375 0.14453125 0.001953125
3 0.212890625 0 0.23828125 0 0.23828125 0.0078125 0.240234375 0.009765625 0.23828125 0.01171875 0.240234375 0.02734375 0.236328125 0.03515625 0.228515625 0.041015625 0.21875 0.041015625 0.21484375 0.037109375 0.21484375 0.03125 0.212890625 0.029296875 0.21484375 0.025390625 0.21484375 0.017578125 0.212890625 0.015625 0.21484375 0.005859375 0.212890625 0.001953125
3 0.056640625 0.0078125 0.068359375 0.01171875 0.068359375 0.017578125 0.0703125 0.01953125 0.0703125 0.033203125 0.068359375 0.03515625 0.068359375 0.046875 0.0703125 0.048828125 0.068359375 0.05078125 0.068359375 0.08203125 0.0625 0.09375 0.05859375 0.09375 0.052734375 0.09765625 0.046875 0.095703125 0.046875 0.080078125 0.048828125 0.078125 0.048828125 0.064453125 0.05078125 0.0625 0.05078125 0.048828125 0.052734375 0.046875 0.052734375 0.033203125 0.0546875 0.03125 0.056640625 0.009765625