4 0.26953125 0.763671875 0.27734375 0.74609375 0.283203125 0.74609375 0.28515625 0.759765625 0.28125 0.763671875 0.271484375 0.763671875
4 0.0859375 0.51171875 0.08984375 0.515625 0.09375 0.515625 0.103515625 0.525390625 0.103515625 0.53125 0.107421875 0.537109375 0.103515625 0.537109375 0.099609375 0.53125 0.087890625 0.529296875 0.083984375 0.5234375 0.083984375 0.515625 0.08203125 0.513671875 0.083984375 0.513671875
4 0.068359375 0.294921875 0.076171875 0.302734375 0.076171875 0.31640625 0.0703125 0.31640625 0.0625 0.302734375 0.068359375 0.296875
4 0.130859375 0.3203125 0.134765625 0.33203125 0.130859375 0.3359375 0.123046875 0.328125 0.123046875 0.3203125 0.125 0.318359375 0.12890625 0.3203125
4 0.201171875 0.716796875 0.197265625 0.703125 0.203125 0.69921875 0.20703125 0.701171875 0.21484375 0.71484375 0.212890625 0.72265625 0.208984375 0.72265625 0.203125 0.716796875
4 0.271484375 0.728515625 0.26953125 0.720703125 0.2734375 0.716796875 0.27734375 0.71875 0.279296875 0.724609375 0.27734375 0.728515625 0.2734375 0.728515625
4 0.083984375 0.689453125 0.095703125 0.697265625 0.095703125 0.701171875 0.087890625 0.70703125 0.07421875 0.693359375 0.07421875 0.6875 0.076171875 0.685546875 0.08203125 0.689453125
4 0.294921875 0.37109375 0.30078125 0.375 0.30078125 0.390625 0.294921875 0.390625 0.294921875 0.384765625 0.29296875 0.3828125 0.294921875 0.373046875
4 0 0.107421875 0 0.111328125 0.005859375 0.119140625 0.001953125 0.12109375 0 0.109375
4 0.08203125 0.580078125 0.087890625 0.58203125 0.08984375 0.591796875 0.09375 0.595703125 0.09375 0.603515625 0.08984375 0.603515625 0.083984375 0.599609375 0.078125 0.603515625 0.076171875 0.58203125 0.080078125 0.58203125
4 0.0625 0.32421875 0.06640625 0.32421875 0.0703125 0.328125 0.0703125 0.333984375 0.072265625 0.3359375 0.072265625 0.34375 0.0703125 0.345703125 0.064453125 0.345703125 0.060546875 0.33984375 0.060546875 0.328125 0.0625 0.326171875