4 0.66796875 0.15234375 0.671875 0.15625 0.669921875 0.189453125 0.6640625 0.181640625 0.6640625 0.16796875 0.66796875 0.154296875
4 0.650390625 0.126953125 0.65234375 0.12890625 0.65234375 0.146484375 0.646484375 0.1640625 0.64453125 0.140625 0.6484375 0.12890625
4 0.654296875 0.154296875 0.658203125 0.16015625 0.658203125 0.17578125 0.654296875 0.1796875 0.654296875 0.189453125 0.65234375 0.189453125 0.650390625 0.1875 0.650390625 0.162109375 0.654296875 0.15625
4 0.275390625 0.150390625 0.279296875 0.150390625 0.283203125 0.166015625 0.287109375 0.171875 0.287109375 0.177734375 0.28515625 0.177734375 0.27734375 0.169921875 0.275390625 0.15234375
4 0.275390625 0.16796875 0.27734375 0.16796875 0.279296875 0.17578125 0.287109375 0.189453125 0.27734375 0.19921875 0.27734375 0.18359375 0.2734375 0.177734375 0.2734375 0.171875 0.275390625 0.169921875
4 0.845703125 0.373046875 0.849609375 0.37890625 0.841796875 0.38671875 0.8359375 0.380859375 0.8359375 0.37109375 0.83984375 0.369140625 0.84375 0.373046875
4 0.26953125 0.123046875 0.2734375 0.123046875 0.27734375 0.13671875 0.27734375 0.150390625 0.271484375 0.1484375 0.26953125 0.125
4 0.8046875 0.69140625 0.798828125 0.681640625 0.798828125 0.677734375 0.8046875 0.673828125 0.810546875 0.677734375 0.810546875 0.6875 0.806640625 0.69140625
4 0.212890625 0.21484375 0.216796875 0.21484375 0.220703125 0.21875 0.224609375 0.232421875 0.22265625 0.23828125 0.216796875 0.236328125 0.212890625 0.224609375 0.212890625 0.216796875
4 0.671875 0.13671875 0.673828125 0.138671875 0.673828125 0.16015625 0.66796875 0.16015625 0.666015625 0.158203125 0.666015625 0.15234375 0.671875 0.138671875
4 0.873046875 0.09375 0.876953125 0.09375 0.876953125 0.099609375 0.865234375 0.126953125 0.86328125 0.126953125 0.86328125 0.115234375 0.861328125 0.11328125 0.865234375 0.107421875 0.87109375 0.10546875 0.873046875 0.095703125