0 0.796875 0.947265625 0.01953125 0.0263671875
0 0.947265625 0.328125 0.0126953125 0.0263671875
0 0.51953125 0.462890625 0.0107421875 0.0341796875
0 0.4912109375 0.4443359375 0.0087890625 0.03125
0 0.5029296875 0.50390625 0.0087890625 0.029296875
0 0.5 0.4736328125 0.009765625 0.03125
0 0.236328125 0.6171875 0.01953125 0.0263671875
0 0.2255859375 0.576171875 0.0146484375 0.0302734375
0 0.0400390625 0.884765625 0.02734375 0.0263671875
0 0.75 0.271484375 0.0068359375 0.03515625
0 0.509765625 0.462890625 0.0087890625 0.025390625