0 0.794921875 0.9375 0.01953125 0.02734375
0 0.521484375 0.443359375 0.01171875 0.0322265625
0 0.9560546875 0.3291015625 0.01171875 0.0263671875
0 0.7568359375 0.2763671875 0.0107421875 0.025390625
0 0.5078125 0.0625 0.0087890625 0.0263671875
0 0.5009765625 0.4267578125 0.0126953125 0.0419921875
0 0.5068359375 0.4609375 0.015625 0.03125
0 0.509765625 0.4892578125 0.01171875 0.0341796875
0 0.2392578125 0.587890625 0.0185546875 0.03125
0 0.2265625 0.546875 0.017578125 0.02734375
0 0.2333984375 0.57421875 0.0205078125 0.0224609375
0 0.0478515625 0.833984375 0.0224609375 0.02734375