3 0.427734375 0.1953125 0.431640625 0.203125 0.423828125 0.208984375 0.41796875 0.205078125 0.41796875 0.19921875 0.42578125 0.1953125
3 0.44921875 0.484375 0.455078125 0.48046875 0.46875 0.48046875 0.47265625 0.484375 0.46875 0.486328125 0.45703125 0.486328125 0.455078125 0.48828125 0.451171875 0.486328125 0.44921875 0.48828125 0.44921875 0.486328125
3 0.357421875 0.74609375 0.35546875 0.75390625 0.369140625 0.7578125 0.369140625 0.76171875 0.365234375 0.765625 0.359375 0.765625 0.353515625 0.76171875 0.349609375 0.76171875 0.34375 0.755859375 0.35546875 0.74609375
3 0.517578125 0.5 0.537109375 0.505859375 0.53515625 0.509765625 0.529296875 0.51171875 0.521484375 0.5078125 0.513671875 0.5078125 0.51171875 0.509765625 0.509765625 0.5078125 0.515625 0.501953125
3 0.505859375 0.46484375 0.513671875 0.470703125 0.513671875 0.474609375 0.490234375 0.47265625 0.490234375 0.470703125 0.50390625 0.46484375
3 0.3125 0.734375 0.322265625 0.744140625 0.330078125 0.744140625 0.3359375 0.75 0.341796875 0.751953125 0.34375 0.755859375 0.341796875 0.7578125 0.33203125 0.7578125 0.3203125 0.748046875 0.3125 0.748046875 0.306640625 0.7421875 0.298828125 0.7421875 0.298828125 0.740234375 0.3046875 0.740234375 0.310546875 0.736328125
3 0.31640625 0.736328125 0.32421875 0.744140625 0.32421875 0.748046875 0.3125 0.748046875 0.306640625 0.7421875 0.298828125 0.7421875 0.298828125 0.740234375 0.3046875 0.740234375 0.310546875 0.734375 0.314453125 0.736328125
3 0.900390625 0.5390625 0.91796875 0.541015625 0.9296875 0.544921875 0.9296875 0.548828125 0.919921875 0.548828125 0.91796875 0.546875 0.90234375 0.544921875 0.900390625 0.541015625
3 0.064453125 0.140625 0.068359375 0.146484375 0.060546875 0.150390625 0.052734375 0.150390625 0.04296875 0.138671875 0.05078125 0.134765625 0.056640625 0.134765625 0.0625 0.140625
3 0.48046875 0.48828125 0.49609375 0.48828125 0.498046875 0.490234375 0.501953125 0.48828125 0.50390625 0.490234375 0.501953125 0.494140625 0.48046875 0.490234375
3 0.33984375 0.75 0.34375 0.75390625 0.34375 0.7578125 0.337890625 0.7578125 0.3359375 0.759765625 0.32421875 0.75 0.32421875 0.74609375 0.326171875 0.744140625 0.33203125 0.744140625 0.337890625 0.75
3 0.751953125 0.25 0.755859375 0.25 0.751953125 0.251953125 0.73828125 0.25390625 0.73046875 0.26171875 0.7265625 0.26171875 0.720703125 0.255859375 0.72265625 0.251953125 0.728515625 0.251953125 0.73828125 0.24609375 0.748046875 0.24609375 0.75 0.248046875
3 0.505859375 0.478515625 0.5078125 0.48046875 0.517578125 0.48046875 0.51953125 0.484375 0.517578125 0.486328125 0.50390625 0.486328125 0.501953125 0.48828125 0.5 0.486328125 0.5 0.48046875 0.50390625 0.478515625
3 0.724609375 0.0390625 0.73046875 0.041015625 0.732421875 0.044921875 0.7265625 0.05078125 0.720703125 0.05078125 0.71875 0.052734375 0.71484375 0.05078125 0.7109375 0.04296875 0.716796875 0.0390625 0.72265625 0.0390625