3 0.84375 0.8203125 0.857421875 0.818359375 0.861328125 0.826171875 0.861328125 0.8359375 0.86328125 0.837890625 0.861328125 0.841796875 0.861328125 0.84765625 0.86328125 0.849609375 0.861328125 0.85546875 0.861328125 0.8671875 0.86328125 0.869140625 0.861328125 0.87109375 0.861328125 0.87890625 0.86328125 0.880859375 0.861328125 0.884765625 0.861328125 0.896484375 0.853515625 0.90625 0.84375 0.908203125 0.837890625 0.900390625 0.83984375 0.89453125 0.837890625 0.8828125 0.83984375 0.87890625 0.837890625 0.876953125 0.837890625 0.84765625 0.8359375 0.845703125 0.837890625 0.826171875 0.84375 0.822265625
3 0.958984375 0.771484375 0.962890625 0.77734375 0.962890625 0.791015625 0.9609375 0.79296875 0.9609375 0.8046875 0.958984375 0.806640625 0.951171875 0.87109375 0.9453125 0.869140625 0.939453125 0.861328125 0.939453125 0.85546875 0.9375 0.853515625 0.9375 0.84765625 0.939453125 0.845703125 0.9375 0.841796875 0.9375 0.833984375 0.939453125 0.83203125 0.9375 0.828125 0.9375 0.818359375 0.939453125 0.81640625 0.939453125 0.796875 0.9375 0.791015625 0.943359375 0.77734375 0.94921875 0.7734375 0.95703125 0.7734375
3 0.92578125 0.791015625 0.931640625 0.794921875 0.931640625 0.80078125 0.93359375 0.802734375 0.931640625 0.8046875 0.93359375 0.806640625 0.93359375 0.81640625 0.931640625 0.818359375 0.93359375 0.845703125 0.931640625 0.84765625 0.931640625 0.859375 0.927734375 0.873046875 0.91796875 0.87890625 0.91015625 0.876953125 0.90625 0.869140625 0.90625 0.859375 0.908203125 0.857421875 0.90625 0.853515625 0.908203125 0.818359375 0.90625 0.81640625 0.908203125 0.814453125 0.908203125 0.802734375 0.912109375 0.796875 0.91796875 0.791015625 0.923828125 0.791015625
3 0.892578125 0.80078125 0.896484375 0.802734375 0.900390625 0.8125 0.8984375 0.81640625 0.900390625 0.818359375 0.900390625 0.828125 0.8984375 0.830078125 0.900390625 0.83203125 0.900390625 0.87109375 0.8984375 0.873046875 0.896484375 0.896484375 0.888671875 0.90234375 0.87890625 0.90234375 0.87109375 0.884765625 0.873046875 0.8828125 0.873046875 0.876953125 0.87109375 0.875 0.873046875 0.869140625 0.87109375 0.8671875 0.87109375 0.857421875 0.873046875 0.85546875 0.87109375 0.814453125 0.884765625 0.80078125 0.890625 0.80078125
3 0.818359375 0.83984375 0.828125 0.849609375 0.826171875 0.853515625 0.828125 0.865234375 0.826171875 0.8671875 0.830078125 0.880859375 0.828125 0.8828125 0.828125 0.892578125 0.830078125 0.89453125 0.828125 0.896484375 0.828125 0.90625 0.830078125 0.908203125 0.828125 0.91015625 0.828125 0.921875 0.826171875 0.92578125 0.81640625 0.931640625 0.806640625 0.92578125 0.8046875 0.896484375 0.802734375 0.89453125 0.8046875 0.892578125 0.802734375 0.88671875 0.802734375 0.87890625 0.8046875 0.876953125 0.80078125 0.865234375 0.802734375 0.86328125 0.80078125 0.853515625 0.81640625 0.83984375
4 0.203125 0.712890625 0.201171875 0.697265625 0.20703125 0.693359375 0.2109375 0.697265625 0.208984375 0.69921875 0.208984375 0.7109375 0.205078125 0.712890625
4 0.212890625 0.736328125 0.2109375 0.734375 0.212890625 0.72265625 0.216796875 0.71875 0.220703125 0.72265625 0.21484375 0.734375
4 0.2578125 0.322265625 0.259765625 0.333984375 0.255859375 0.3359375 0.25390625 0.341796875 0.248046875 0.3359375 0.251953125 0.32421875 0.255859375 0.322265625
4 0.56640625 0.9423828125 0.013671875 0.029296875
4 0.306640625 0.291015625 0.3046875 0.28515625 0.30859375 0.28125 0.3125 0.283203125 0.310546875 0.28515625 0.310546875 0.291015625 0.30859375 0.291015625
4 0.171875 0.470703125 0.169921875 0.482421875 0.162109375 0.490234375 0.158203125 0.490234375 0.162109375 0.47265625 0.169921875 0.47265625
4 0.298828125 0.25 0.3046875 0.24609375 0.310546875 0.25 0.310546875 0.26171875 0.30859375 0.263671875 0.298828125 0.263671875 0.296875 0.259765625 0.298828125 0.251953125
4 0.1484375 0.408203125 0.1484375 0.3984375 0.158203125 0.388671875 0.1640625 0.38671875 0.1640625 0.392578125 0.16015625 0.39453125 0.15625 0.40625 0.150390625 0.408203125
4 0.177734375 0.923828125 0.177734375 0.9296875 0.171875 0.935546875 0.169921875 0.955078125 0.1640625 0.951171875 0.1640625 0.947265625 0.16796875 0.93359375 0.17578125 0.92578125
4 0.177734375 0.544921875 0.18359375 0.5390625 0.189453125 0.5390625 0.1875 0.55078125 0.18359375 0.5546875 0.1796875 0.552734375 0.177734375 0.546875