4 0.732421875 -0.009765625 0.013671875 0.033203125
4 0.841796875 0.51171875 0.84375 0.513671875 0.84375 0.51953125 0.833984375 0.53515625 0.83203125 0.53125 0.83203125 0.51953125 0.83984375 0.513671875
4 0.7734375 0.8671875 0.775390625 0.869140625 0.775390625 0.880859375 0.7734375 0.884765625 0.767578125 0.888671875 0.759765625 0.87890625 0.759765625 0.873046875 0.76171875 0.87109375 0.771484375 0.869140625
4 0.802734375 0.7578125 0.806640625 0.76171875 0.806640625 0.7734375 0.8046875 0.775390625 0.798828125 0.775390625 0.794921875 0.76953125 0.796875 0.759765625 0.80078125 0.7578125
4 0.263671875 0.095703125 0.267578125 0.099609375 0.267578125 0.107421875 0.271484375 0.109375 0.271484375 0.119140625 0.265625 0.125 0.265625 0.115234375 0.26171875 0.111328125 0.26171875 0.099609375 0.263671875 0.09765625
4 0.724609375 0.287109375 0.728515625 0.29296875 0.728515625 0.302734375 0.724609375 0.306640625 0.720703125 0.3046875 0.720703125 0.291015625 0.72265625 0.2890625
4 0.8671875 0.564453125 0.873046875 0.576171875 0.869140625 0.58984375 0.865234375 0.59375 0.861328125 0.59375 0.861328125 0.587890625 0.85546875 0.58203125 0.857421875 0.578125 0.8671875 0.572265625 0.8671875 0.56640625
4 0.27734375 0.1328125 0.27734375 0.125 0.26953125 0.111328125 0.26953125 0.103515625 0.271484375 0.1015625 0.28125 0.109375 0.28125 0.115234375 0.283203125 0.1171875 0.28125 0.119140625 0.28125 0.1328125 0.27734375 0.134765625
4 0.7578125 0.837890625 0.759765625 0.84765625 0.75390625 0.853515625 0.751953125 0.83984375 0.755859375 0.837890625
4 0.291015625 0.265625 0.294921875 0.27734375 0.294921875 0.298828125 0.291015625 0.294921875 0.291015625 0.2890625 0.28515625 0.279296875 0.28515625 0.267578125 0.2890625 0.265625
4 0.888671875 0.609375 0.892578125 0.611328125 0.892578125 0.62109375 0.8828125 0.630859375 0.87890625 0.630859375 0.87890625 0.6171875 0.88671875 0.609375
4 0.6240234375 0.6259765625 0.017578125 0.033203125