3 0.853515625 0.36328125 0.85546875 0.365234375 0.85546875 0.37109375 0.84765625 0.376953125 0.84375 0.375 0.841796875 0.369140625 0.84765625 0.361328125 0.8515625 0.36328125
3 0.93359375 0.615234375 0.943359375 0.625 0.947265625 0.63671875 0.9453125 0.642578125 0.943359375 0.642578125 0.935546875 0.6328125 0.93359375 0.62890625 0.93359375 0.6171875
3 0.8984375 0.80859375 0.90234375 0.8125 0.90234375 0.81640625 0.900390625 0.818359375 0.900390625 0.82421875 0.89453125 0.828125 0.890625 0.81640625 0.892578125 0.810546875 0.896484375 0.80859375
3 0.853515625 0.771484375 0.857421875 0.775390625 0.85546875 0.78515625 0.853515625 0.787109375 0.849609375 0.78515625 0.849609375 0.7734375 0.8515625 0.7734375
3 0.890625 0.43359375 0.892578125 0.431640625 0.890625 0.423828125 0.8984375 0.419921875 0.90234375 0.427734375 0.90234375 0.4375 0.904296875 0.439453125 0.900390625 0.443359375 0.896484375 0.443359375 0.892578125 0.435546875
3 0.8394314236111111 0.39628906249999996 0.012528935185185164 0.014019097222222221
3 0.990234375 0.48046875 0.998046875 0.48046875 0.998046875 0.498046875 0.9921875 0.48828125 0.98828125 0.486328125 0.990234375 0.482421875
3 0.720703125 0.6796875 0.71875 0.673828125 0.72265625 0.669921875 0.72265625 0.666015625 0.724609375 0.6640625 0.728515625 0.666015625 0.728515625 0.671875 0.724609375 0.67578125 0.724609375 0.6796875 0.720703125 0.681640625
3 0.9010489004629629 0.9967158564814815 0.02126736111111116 0.006568287037037046
3 0.9609375 0.564453125 0.974609375 0.568359375 0.9765625 0.572265625 0.974609375 0.583984375 0.970703125 0.5859375 0.96484375 0.583984375 0.9609375 0.56640625
3 0.908203125 0.78515625 0.912109375 0.78515625 0.9140625 0.7890625 0.9140625 0.798828125 0.91015625 0.8046875 0.90625 0.8046875 0.90625 0.80078125 0.90234375 0.798828125 0.90234375 0.79296875 0.908203125 0.787109375