4 0.392578125 0.890625 0.40234375 0.900390625 0.40234375 0.9140625 0.404296875 0.916015625 0.40234375 0.91796875 0.40234375 0.931640625 0.40234375 0.927734375 0.396484375 0.923828125 0.392578125 0.892578125
4 0.421875 0.912109375 0.4296875 0.9296875 0.4296875 0.935546875 0.427734375 0.9375 0.4296875 0.939453125 0.427734375 0.943359375 0.4296875 0.947265625 0.427734375 0.94921875 0.423828125 0.947265625 0.421875 0.9140625
4 0.408203125 0.88671875 0.4140625 0.888671875 0.4140625 0.89453125 0.41796875 0.904296875 0.41796875 0.91796875 0.4140625 0.921875 0.408203125 0.904296875 0.41015625 0.900390625 0.408203125 0.896484375 0.41015625 0.89453125 0.41015625 0.888671875
4 0.798828125 0.814453125 0.8046875 0.818359375 0.8046875 0.82421875 0.80859375 0.826171875 0.80859375 0.83203125 0.810546875 0.833984375 0.80859375 0.837890625 0.80078125 0.83203125 0.80078125 0.828125 0.79296875 0.818359375 0.791015625 0.8125 0.796875 0.814453125
4 0.79296875 0.787109375 0.796875 0.787109375 0.794921875 0.791015625 0.8046875 0.80859375 0.8046875 0.81640625 0.806640625 0.818359375 0.8046875 0.8203125 0.798828125 0.814453125 0.798828125 0.810546875 0.7890625 0.80078125 0.7890625 0.796875 0.794921875 0.79296875 0.79296875 0.7890625
4 0.1708984375 0.73828125 0.01953125 0.0234375
4 0.806640625 0.837890625 0.810546875 0.8359375 0.814453125 0.837890625 0.822265625 0.859375 0.822265625 0.86328125 0.818359375 0.865234375 0.806640625 0.83984375
4 0.130859375 0.40234375 0.142578125 0.416015625 0.134765625 0.423828125 0.12890625 0.416015625 0.12890625 0.40625 0.130859375 0.404296875
4 0.84765625 0.75 0.84765625 0.74609375 0.841796875 0.740234375 0.83984375 0.734375 0.84375 0.73046875 0.84765625 0.734375 0.8515625 0.734375 0.85546875 0.7421875 0.85546875 0.75 0.859375 0.751953125 0.857421875 0.755859375 0.853515625 0.755859375 0.849609375 0.75
4 0.40234375 0.921875 0.404296875 0.923828125 0.404296875 0.9375 0.40234375 0.939453125 0.404296875 0.943359375 0.40234375 0.9453125 0.3984375 0.94140625 0.3984375 0.93359375 0.39453125 0.923828125 0.396484375 0.919921875 0.400390625 0.921875
4 0.2080078125 1.0205078125 0.02734375 0.041015625