0 0.4072265625 0.6328125 0.0107421875 0.0244140625
0 0.869140625 0.3544921875 0.01171875 0.017578125
0 0.9931640625 0.3291015625 0.01171875 0.0234375
0 0.431640625 0.6416015625 0.01171875 0.0244140625
0 0.859375 0.318359375 0.0107421875 0.0263671875
0 0.4560546875 0.671875 0.013671875 0.0322265625
0 0.435546875 0.67578125 0.0146484375 0.029296875
0 0.4501953125 0.708984375 0.0126953125 0.025390625
0 0.208984375 0.8720703125 0.0185546875 0.021484375
0 0.1982421875 0.8349609375 0.0244140625 0.017578125
0 0.205078125 0.853515625 0.01953125 0.0224609375