0 0.7099609375 0.265625 0.01171875 0.021484375
0 0.3359375 0.0244140625 0.01171875 0.0322265625
0 0.6953125 0.248046875 0.0107421875 0.0234375
0 0.736328125 0.6337890625 0.015625 0.0224609375
0 0.818359375 0.5341796875 0.015625 0.037109375
0 0.7939453125 0.470703125 0.01171875 0.025390625
0 0.7685546875 0.4130859375 0.009765625 0.0361328125
0 0.3232421875 0.158203125 0.013671875 0.0283203125
0 0.7041015625 0.021484375 0.0107421875 0.03125
1 0.0849609375 0.283203125 0.03515625 0.1083984375
1 0.0537109375 0.3134765625 0.04296875 0.095703125
1 0.021484375 0.349609375 0.037109375 0.1171875
0 0.6630859375 0.3076171875 0.0107421875 0.025390625