4 0.830078125 0.716796875 0.83984375 0.71484375 0.83984375 0.724609375 0.8359375 0.73046875 0.83203125 0.728515625 0.830078125 0.71875
4 0.8134765625 0.3681640625 0.013671875 0.0234375
4 0.912109375 0.4140625 0.912109375 0.42578125 0.904296875 0.43359375 0.900390625 0.43359375 0.900390625 0.419921875 0.896484375 0.4140625 0.896484375 0.408203125 0.90234375 0.4140625 0.91015625 0.4140625
4 0.83984375 0.92578125 0.84375 0.927734375 0.84375 0.931640625 0.849609375 0.94140625 0.849609375 0.94921875 0.84765625 0.951171875 0.84375 0.94921875 0.841796875 0.9453125 0.84375 0.935546875 0.83984375 0.927734375
4 0.890625 0.5 0.89453125 0.513671875 0.88671875 0.513671875 0.87890625 0.501953125 0.87890625 0.49609375 0.884765625 0.5 0.888671875 0.5
4 0.82421875 0.75390625 0.8203125 0.744140625 0.8203125 0.73828125 0.822265625 0.736328125 0.826171875 0.73828125 0.828125 0.75 0.82421875 0.751953125
3 0.25390625 0.94140625 0.2578125 0.951171875 0.25390625 0.9609375 0.251953125 0.986328125 0.232421875 0.984375 0.23046875 0.982421875 0.236328125 0.939453125 0.2421875 0.935546875 0.24609375 0.935546875 0.251953125 0.94140625
3 0.22265625 0.921875 0.2265625 0.931640625 0.2265625 0.9453125 0.224609375 0.947265625 0.22265625 0.98046875 0.220703125 0.984375 0.201171875 0.982421875 0.201171875 0.958984375 0.203125 0.95703125 0.205078125 0.9296875 0.212890625 0.919921875 0.21875 0.919921875 0.220703125 0.921875
3 0.185546875 0.91015625 0.19140625 0.912109375 0.197265625 0.919921875 0.1953125 0.921875 0.1953125 0.9453125 0.193359375 0.947265625 0.193359375 0.958984375 0.19140625 0.9609375 0.193359375 0.962890625 0.19140625 0.982421875 0.169921875 0.982421875 0.16796875 0.98046875 0.16796875 0.958984375 0.169921875 0.95703125 0.169921875 0.9453125 0.171875 0.943359375 0.169921875 0.9375 0.171875 0.935546875 0.171875 0.921875 0.173828125 0.916015625 0.18359375 0.91015625
3 0.111328125 0.953125 0.11328125 0.951171875 0.111328125 0.927734375 0.11328125 0.92578125 0.11328125 0.912109375 0.115234375 0.91015625 0.1171875 0.896484375 0.123046875 0.892578125 0.134765625 0.89453125 0.138671875 0.90234375 0.138671875 0.919921875 0.13671875 0.921875 0.134765625 0.95703125 0.1328125 0.958984375 0.130859375 0.9765625 0.12890625 0.978515625 0.11328125 0.978515625 0.111328125 0.974609375 0.111328125 0.95703125 0.11328125 0.955078125
3 0.08984375 0.890625 0.09765625 0.888671875 0.109375 0.900390625 0.109375 0.91015625 0.107421875 0.912109375 0.10546875 0.931640625 0.103515625 0.93359375 0.10546875 0.955078125 0.09765625 0.970703125 0.0859375 0.96875 0.08203125 0.962890625 0.08203125 0.955078125 0.083984375 0.953125 0.08203125 0.935546875 0.083984375 0.93359375 0.083984375 0.91796875 0.0859375 0.916015625 0.0859375 0.8984375 0.08984375 0.892578125
3 0.158203125 0.90625 0.1640625 0.91015625 0.166015625 0.916015625 0.166015625 0.921875 0.1640625 0.923828125 0.1640625 0.94921875 0.16015625 0.958984375 0.16015625 0.978515625 0.158203125 0.98046875 0.142578125 0.98046875 0.140625 0.978515625 0.142578125 0.919921875 0.146484375 0.91015625 0.150390625 0.90625 0.15625 0.90625