0 0.7177734375 0.0947265625 0.015625 0.03515625
0 0.712890625 0.248046875 0.017578125 0.037109375
0 0.1455078125 0.6123046875 0.021484375 0.025390625
0 0.171875 0.5576171875 0.017578125 0.029296875
0 0.330078125 0.373046875 0.01171875 0.01953125
0 0.228515625 0.736328125 0.01953125 0.029296875
0 0.201171875 0.494140625 0.015625 0.01953125
0 0.2958984375 0.0322265625 0.017578125 0.033203125
1 0.9765625 0.40234375 0.046875 0.11328125
1 0.9931640625 0.44140625 0.013671875 0.1171875
0 0.298828125 0.3056640625 0.009765625 0.02734375
0 0.2822265625 0.3232421875 0.015625 0.021484375