0 0.787109375 0.9423828125 0.01953125 0.02734375
0 0.5224609375 0.443359375 0.01171875 0.033203125
0 0.958984375 0.3369140625 0.01171875 0.02734375
0 0.7607421875 0.28125 0.01171875 0.025390625
0 0.515625 0.0625 0.009765625 0.02734375
0 0.501953125 0.4267578125 0.013671875 0.04296875
0 0.5078125 0.4609375 0.015625 0.03125
0 0.509765625 0.4892578125 0.01171875 0.03515625
0 0.2373046875 0.5830078125 0.01953125 0.03125
0 0.2255859375 0.5419921875 0.017578125 0.02734375
0 0.232421875 0.5693359375 0.021484375 0.0234375
0 0.0419921875 0.826171875 0.0234375 0.02734375