3 0.65625 0.828125 0.658203125 0.828125 0.646484375 0.83984375 0.634765625 0.837890625 0.642578125 0.828125 0.654296875 0.826171875
3 0.9296875 0.71875 0.931640625 0.72265625 0.923828125 0.73046875 0.9140625 0.73046875 0.912109375 0.728515625 0.9140625 0.71875 0.916015625 0.716796875 0.92578125 0.716796875 0.927734375 0.71875
3 0.8203125 0.75390625 0.826171875 0.7578125 0.826171875 0.763671875 0.82421875 0.765625 0.8125 0.765625 0.80859375 0.76171875 0.810546875 0.7578125 0.818359375 0.75390625
3 0.587890625 0.80859375 0.591796875 0.806640625 0.60546875 0.806640625 0.607421875 0.80859375 0.603515625 0.80859375 0.587890625 0.818359375 0.583984375 0.818359375 0.583984375 0.8125 0.587890625 0.810546875
3 0.37890625 0.712890625 0.376953125 0.71875 0.3671875 0.71875 0.365234375 0.720703125 0.36328125 0.71875 0.365234375 0.712890625 0.369140625 0.7109375 0.375 0.7109375 0.376953125 0.712890625
3 0.33203125 0.302734375 0.33984375 0.302734375 0.349609375 0.306640625 0.353515625 0.310546875 0.357421875 0.310546875 0.357421875 0.3125 0.33203125 0.310546875 0.33203125 0.3046875
3 0.169921875 0.2890625 0.18359375 0.2890625 0.185546875 0.291015625 0.19140625 0.291015625 0.193359375 0.2890625 0.197265625 0.291015625 0.189453125 0.296875 0.173828125 0.294921875 0.169921875 0.291015625
3 0.173828125 0.296875 0.1875 0.298828125 0.19921875 0.3046875 0.189453125 0.30859375 0.173828125 0.302734375 0.173828125 0.298828125
3 0.39453125 0.724609375 0.3984375 0.7265625 0.396484375 0.734375 0.39453125 0.736328125 0.388671875 0.736328125 0.3828125 0.732421875 0.3828125 0.728515625 0.392578125 0.7265625
3 0.6875 0.841796875 0.689453125 0.845703125 0.68359375 0.8515625 0.68359375 0.85546875 0.677734375 0.85546875 0.67578125 0.857421875 0.669921875 0.853515625 0.6796875 0.84375 0.685546875 0.841796875
3 0.689453125 0.595703125 0.693359375 0.599609375 0.681640625 0.607421875 0.67578125 0.607421875 0.673828125 0.603515625 0.681640625 0.595703125 0.6875 0.595703125
3 0.0625 0.744140625 0.076171875 0.744140625 0.087890625 0.740234375 0.083984375 0.74609375 0.072265625 0.75 0.0625 0.75 0.060546875 0.748046875 0.0625 0.74609375
3 0.884765625 0.7109375 0.896484375 0.7109375 0.892578125 0.716796875 0.884765625 0.716796875 0.884765625 0.712890625