4 0.841796875 0.287109375 0.845703125 0.287109375 0.849609375 0.294921875 0.849609375 0.30078125 0.84765625 0.302734375 0.841796875 0.302734375 0.83984375 0.30078125 0.841796875 0.2890625
4 0.802734375 0.63671875 0.806640625 0.63671875 0.810546875 0.640625 0.806640625 0.654296875 0.802734375 0.65625 0.798828125 0.650390625 0.798828125 0.64453125 0.802734375 0.638671875
4 0.89453125 0.583984375 0.900390625 0.58984375 0.904296875 0.58984375 0.904296875 0.6015625 0.90234375 0.603515625 0.89453125 0.603515625 0.888671875 0.607421875 0.888671875 0.603515625 0.89453125 0.595703125 0.89453125 0.5859375
4 0.869140625 0.0703125 0.87109375 0.07421875 0.869140625 0.080078125 0.859375 0.095703125 0.859375 0.08984375 0.86328125 0.0859375 0.86328125 0.072265625 0.8671875 0.0703125
4 0.876953125 0.521484375 0.875 0.517578125 0.8828125 0.50390625 0.884765625 0.501953125 0.890625 0.501953125 0.892578125 0.505859375 0.888671875 0.515625 0.8828125 0.515625 0.87890625 0.51953125
4 0.833984375 0.263671875 0.837890625 0.267578125 0.8359375 0.279296875 0.833984375 0.28125 0.830078125 0.279296875 0.83203125 0.265625
3 0.26171875 0 0.28125 0 0.283203125 0.037109375 0.28515625 0.0390625 0.28125 0.048828125 0.27734375 0.052734375 0.267578125 0.052734375 0.263671875 0.048828125 0.26171875 0.04296875 0.26171875 0.001953125
3 0.232421875 0 0.25 0 0.251953125 0.00390625 0.251953125 0.03125 0.25390625 0.033203125 0.25390625 0.05859375 0.251953125 0.0625 0.244140625 0.068359375 0.240234375 0.068359375 0.234375 0.0625 0.232421875 0.056640625 0.232421875 0.037109375 0.23046875 0.03515625 0.232421875 0.001953125
3 0.19921875 0 0.220703125 0 0.220703125 0.005859375 0.22265625 0.0078125 0.220703125 0.03515625 0.22265625 0.037109375 0.22265625 0.052734375 0.224609375 0.0546875 0.224609375 0.064453125 0.220703125 0.072265625 0.212890625 0.076171875 0.20703125 0.076171875 0.201171875 0.0703125 0.19921875 0.064453125 0.19921875 0.001953125
3 0.14453125 0 0.158203125 0 0.16015625 0.00390625 0.162109375 0.009765625 0.162109375 0.037109375 0.1640625 0.0390625 0.1640625 0.052734375 0.166015625 0.0546875 0.166015625 0.078125 0.1640625 0.083984375 0.16015625 0.087890625 0.146484375 0.087890625 0.142578125 0.08203125 0.142578125 0.076171875 0.140625 0.07421875 0.140625 0.0234375 0.142578125 0.021484375 0.142578125 0.00390625 0.14453125 0.001953125
3 0.126953125 0.01171875 0.130859375 0.015625 0.134765625 0.02734375 0.1328125 0.056640625 0.134765625 0.05859375 0.13671875 0.080078125 0.1328125 0.087890625 0.123046875 0.091796875 0.11328125 0.08203125 0.11328125 0.046875 0.111328125 0.044921875 0.111328125 0.0390625 0.11328125 0.037109375 0.11328125 0.01953125 0.115234375 0.013671875 0.125 0.01171875
3 0.173828125 0 0.1875 0 0.189453125 0.00390625 0.189453125 0.009765625 0.19140625 0.01171875 0.19140625 0.048828125 0.193359375 0.05078125 0.193359375 0.068359375 0.19140625 0.072265625 0.18359375 0.078125 0.17578125 0.078125 0.171875 0.072265625 0.171875 0.06640625 0.169921875 0.064453125 0.169921875 0.017578125 0.171875 0.015625 0.171875 0.00390625 0.173828125 0.001953125