4 0.681640625 0.25390625 0.68359375 0.255859375 0.685546875 0.25390625 0.689453125 0.2578125 0.6875 0.263671875 0.689453125 0.265625 0.681640625 0.271484375 0.677734375 0.271484375 0.673828125 0.267578125 0.67578125 0.255859375 0.6796875 0.25390625
4 0.86328125 0.681640625 0.8671875 0.68359375 0.869140625 0.689453125 0.8671875 0.693359375 0.869140625 0.697265625 0.865234375 0.701171875 0.859375 0.697265625 0.859375 0.69140625 0.857421875 0.689453125 0.857421875 0.68359375 0.861328125 0.681640625
4 0.802734375 0.6796875 0.810546875 0.6796875 0.814453125 0.685546875 0.8125 0.69140625 0.806640625 0.693359375 0.802734375 0.681640625
4 0.744140625 0.310546875 0.75390625 0.32421875 0.751953125 0.330078125 0.74609375 0.33203125 0.7421875 0.328125 0.7421875 0.322265625 0.73828125 0.318359375 0.7421875 0.3125
4 0.677734375 0.29296875 0.681640625 0.2890625 0.6875 0.29296875 0.685546875 0.30078125 0.681640625 0.30078125 0.6796875 0.294921875
4 0.85546875 0.708984375 0.861328125 0.71484375 0.861328125 0.72265625 0.86328125 0.724609375 0.861328125 0.73046875 0.853515625 0.720703125 0.8515625 0.71484375 0.853515625 0.7109375
4 0.640625 0.591796875 0.64453125 0.587890625 0.650390625 0.591796875 0.6484375 0.595703125 0.650390625 0.6015625 0.646484375 0.60546875 0.646484375 0.609375 0.64453125 0.607421875 0.642578125 0.59375
4 0.845703125 0.34765625 0.8515625 0.353515625 0.857421875 0.3515625 0.86328125 0.359375 0.86328125 0.365234375 0.857421875 0.3671875 0.84765625 0.359375 0.84375 0.3515625 0.845703125 0.349609375
4 0.921875 0.904296875 0.92578125 0.904296875 0.931640625 0.91015625 0.931640625 0.912109375 0.927734375 0.912109375 0.921875 0.90625
4 0.8515625 0.439453125 0.85546875 0.44140625 0.857421875 0.447265625 0.87109375 0.455078125 0.8671875 0.4609375 0.861328125 0.4609375 0.8515625 0.455078125 0.853515625 0.44921875 0.8515625 0.44140625
4 0.85546875 0.537109375 0.845703125 0.525390625 0.845703125 0.51953125 0.84765625 0.517578125 0.853515625 0.517578125 0.85546875 0.51953125 0.859375 0.525390625 0.859375 0.53515625 0.857421875 0.53515625