4 0.57421875 0.73828125 0.576171875 0.736328125 0.57421875 0.724609375 0.576171875 0.71875 0.578125 0.71875 0.58203125 0.732421875 0.578125 0.740234375 0.576171875 0.7421875 0.576171875 0.740234375
4 0.568359375 0.71875 0.5703125 0.716796875 0.568359375 0.701171875 0.572265625 0.697265625 0.576171875 0.701171875 0.576171875 0.71875 0.572265625 0.72265625 0.5703125 0.720703125
4 0.55859375 0.67578125 0.5625 0.677734375 0.5625 0.69921875 0.55859375 0.703125 0.556640625 0.703125 0.556640625 0.681640625 0.55859375 0.677734375
4 0.111328125 0.48828125 0.111328125 0.4765625 0.119140625 0.466796875 0.125 0.466796875 0.126953125 0.470703125 0.125 0.47265625 0.125 0.48046875 0.119140625 0.482421875 0.11328125 0.48828125
4 0.24609375 0.591796875 0.244140625 0.60546875 0.240234375 0.609375 0.23828125 0.619140625 0.234375 0.623046875 0.232421875 0.62109375 0.232421875 0.611328125 0.236328125 0.60546875 0.23828125 0.595703125 0.244140625 0.591796875
4 0.23046875 0.619140625 0.236328125 0.625 0.234375 0.63671875 0.232421875 0.638671875 0.2265625 0.634765625 0.228515625 0.62109375
4 0.54296875 0.736328125 0.544921875 0.734375 0.54296875 0.72265625 0.548828125 0.716796875 0.552734375 0.736328125 0.55078125 0.740234375 0.544921875 0.73828125
4 0.5546875 0.71875 0.552734375 0.716796875 0.552734375 0.70703125 0.55078125 0.705078125 0.548828125 0.69140625 0.552734375 0.693359375 0.55859375 0.705078125 0.556640625 0.716796875
4 0.826171875 0.19140625 0.833984375 0.1796875 0.837890625 0.177734375 0.83984375 0.1796875 0.83984375 0.189453125 0.833984375 0.203125 0.828125 0.197265625 0.828125 0.193359375
4 0.228515625 0.63671875 0.232421875 0.640625 0.232421875 0.64453125 0.228515625 0.646484375 0.224609375 0.658203125 0.220703125 0.662109375 0.21875 0.65625 0.220703125 0.654296875 0.220703125 0.646484375 0.2265625 0.638671875
4 0.81640625 0.5234375 0.822265625 0.53125 0.8125 0.5390625 0.80859375 0.537109375 0.80859375 0.52734375 0.814453125 0.5234375
4 0.556640625 0.71484375 0.5546875 0.71875 0.5546875 0.73046875 0.55078125 0.73828125 0.548828125 0.73828125 0.55078125 0.732421875 0.546875 0.71875 0.552734375 0.7109375 0.5546875 0.71484375
4 0.791015625 0.80859375 0.79296875 0.80859375 0.794921875 0.8203125 0.80078125 0.82421875 0.798828125 0.826171875 0.802734375 0.8359375 0.80078125 0.84765625 0.79296875 0.830078125 0.787109375 0.82421875 0.791015625 0.810546875