1 0.556640625 0.0078125 0.615234375 0.009765625 0.603515625 0.01953125 0.59765625 0.01953125 0.595703125 0.021484375 0.580078125 0.017578125 0.572265625 0.01171875 0.55859375 0.0078125
3 0.126953125 0.755859375 0.12890625 0.7578125 0.142578125 0.75390625 0.1484375 0.755859375 0.126953125 0.763671875 0.1171875 0.763671875 0.115234375 0.76171875 0.1171875 0.7578125 0.125 0.755859375
3 0.69140625 0.8515625 0.6953125 0.849609375 0.70703125 0.849609375 0.70703125 0.853515625 0.6953125 0.861328125 0.6875 0.859375 0.69140625 0.853515625
3 0.943359375 0.806640625 0.947265625 0.810546875 0.947265625 0.814453125 0.943359375 0.818359375 0.9375 0.818359375 0.927734375 0.810546875 0.931640625 0.806640625 0.94140625 0.806640625
3 0.744140625 0.876953125 0.751953125 0.873046875 0.759765625 0.873046875 0.759765625 0.87890625 0.751953125 0.884765625 0.7421875 0.884765625 0.740234375 0.8828125 0.744140625 0.87890625
3 0.421875 0.294921875 0.431640625 0.30078125 0.43359375 0.3046875 0.419921875 0.3046875 0.408203125 0.30078125 0.40625 0.296875 0.419921875 0.294921875
3 0.251953125 0.279296875 0.259765625 0.283203125 0.26953125 0.283203125 0.26953125 0.287109375 0.265625 0.2890625 0.248046875 0.2890625 0.244140625 0.287109375 0.23828125 0.28125 0.25 0.279296875
3 0.7869212962962963 0.8975983796296296 0.02068865740740744 0.01982060185185186
3 0.478515625 0.751953125 0.484375 0.7578125 0.482421875 0.76171875 0.47265625 0.76171875 0.46484375 0.755859375 0.46484375 0.75390625 0.4765625 0.751953125
3 0.45068721064814815 0.7394314236111111 0.020225694444444442 0.01200810185185186
3 0.25 0.26953125 0.255859375 0.2734375 0.255859375 0.27734375 0.244140625 0.27734375 0.234375 0.2734375 0.232421875 0.271484375 0.236328125 0.267578125 0.24609375 0.267578125 0.248046875 0.26953125