0 0.853515625 0.5458984375 0.0205078125 0.02734375
0 0.7744140625 0.255859375 0.0126953125 0.025390625
0 0.83203125 0.4716796875 0.0185546875 0.0224609375
0 0.7802734375 0.029296875 0.013671875 0.0361328125
1 0.1708984375 0.1259765625 0.037109375 0.09375
1 0.142578125 0.154296875 0.03515625 0.09375
1 0.109375 0.1650390625 0.0341796875 0.0986328125
1 0.0791015625 0.1826171875 0.0283203125 0.0947265625
1 0.0498046875 0.1962890625 0.0341796875 0.0966796875
1 0.0205078125 0.212890625 0.033203125 0.087890625
0 0.40234375 0.052734375 0.01171875 0.0390625
0 0.767578125 0.6181640625 0.013671875 0.0322265625