0 0.8583984375 0.4501953125 0.021484375 0.029296875
0 0.7822265625 0.74609375 0.013671875 0.025390625
0 0.837890625 0.5263671875 0.01953125 0.0234375
0 0.7939453125 0.9765625 0.015625 0.037109375
1 0.1728515625 0.8896484375 0.0390625 0.095703125
1 0.142578125 0.8603515625 0.037109375 0.095703125
1 0.109375 0.8505859375 0.037109375 0.1015625
1 0.078125 0.8330078125 0.03125 0.09765625
1 0.0478515625 0.8193359375 0.037109375 0.09765625
1 0.01953125 0.8037109375 0.03125 0.08984375
0 0.408203125 0.9599609375 0.01171875 0.0390625
0 0.76953125 0.3779296875 0.013671875 0.033203125