0 0.3798828125 0.7744140625 0.013671875 0.025390625
0 0.86328125 0.359375 0.015625 0.033203125
0 0.130859375 0.9541015625 0.017578125 0.009765625
0 0.34375 0.71875 0.013671875 0.0234375
0 0.9970703125 0.34375 0.005859375 0.02734375
0 0.99609375 0.365234375 0.0078125 0.0234375
0 0.365234375 0.7373046875 0.021484375 0.044921875
0 0.3955078125 0.76953125 0.017578125 0.0390625
0 0.390625 0.8056640625 0.013671875 0.033203125
0 0.1181640625 0.921875 0.021484375 0.025390625
0 0.1259765625 0.9443359375 0.01953125 0.021484375