0 0.76171875 0.9775390625 0.021484375 0.029296875
0 0.9716796875 0.357421875 0.015625 0.02734375
0 0.5224609375 0.45703125 0.013671875 0.03515625
0 0.494140625 0.4345703125 0.01171875 0.033203125
0 0.5009765625 0.498046875 0.01171875 0.03125
0 0.5009765625 0.466796875 0.01171875 0.033203125
0 0.21875 0.5888671875 0.0234375 0.029296875
0 0.2109375 0.5458984375 0.017578125 0.033203125
0 0.00390625 0.8447265625 0.0078125 0.029296875
0 0.7744140625 0.2822265625 0.009765625 0.037109375
0 0.51171875 0.45703125 0.01171875 0.02734375