3 0.943359375 0.076171875 0.9453125 0.078125 0.955078125 0.078125 0.966796875 0.08203125 0.966796875 0.0859375 0.962890625 0.08984375 0.962890625 0.09765625 0.958984375 0.1015625 0.958984375 0.107421875 0.955078125 0.11328125 0.94921875 0.1171875 0.943359375 0.115234375 0.9375 0.107421875 0.935546875 0.09765625 0.9375 0.095703125 0.9375 0.08984375 0.94140625 0.0859375 0.94140625 0.078125
3 1.0224609375 0.103515625 0.046875 0.099609375
3 0.9765625 0.083984375 0.998046875 0.087890625 0.998046875 0.111328125 0.99609375 0.11328125 0.998046875 0.1171875 0.994140625 0.12890625 0.984375 0.13671875 0.98046875 0.13671875 0.974609375 0.134765625 0.96484375 0.12109375 0.966796875 0.119140625 0.966796875 0.11328125 0.970703125 0.109375 0.970703125 0.103515625 0.974609375 0.099609375 0.9765625 0.0859375
3 0.908203125 0.0703125 0.931640625 0.07421875 0.9296875 0.083984375 0.923828125 0.08984375 0.9140625 0.08984375 0.908203125 0.083984375 0.90625 0.078125 0.908203125 0.072265625
4 0.232421875 0.646484375 0.236328125 0.650390625 0.234375 0.66015625 0.2265625 0.666015625 0.220703125 0.66015625 0.220703125 0.65234375 0.224609375 0.6484375 0.23046875 0.6484375
4 0.23828125 0.166015625 0.2421875 0.171875 0.23828125 0.185546875 0.232421875 0.185546875 0.23046875 0.181640625 0.23046875 0.173828125 0.236328125 0.16796875
4 0.287109375 0.1953125 0.291015625 0.197265625 0.2890625 0.2109375 0.287109375 0.212890625 0.28125 0.208984375 0.28125 0.201171875 0.28515625 0.197265625
4 0.193359375 0.5625 0.197265625 0.56640625 0.1953125 0.568359375 0.197265625 0.5703125 0.197265625 0.58203125 0.1953125 0.583984375 0.19140625 0.583984375 0.1875 0.580078125 0.1875 0.572265625 0.185546875 0.5703125 0.1875 0.564453125 0.19140625 0.5625
4 0.23828125 0.619140625 0.244140625 0.619140625 0.240234375 0.630859375 0.236328125 0.626953125 0.23828125 0.62109375
4 0.255859375 0.138671875 0.255859375 0.146484375 0.2578125 0.1484375 0.255859375 0.16015625 0.251953125 0.162109375 0.248046875 0.15625 0.25 0.146484375 0.25390625 0.140625
4 0.404296875 0.34375 0.408203125 0.345703125 0.40625 0.359375 0.40234375 0.36328125 0.3984375 0.36328125 0.396484375 0.359375 0.404296875 0.345703125
4 0.099609375 0.482421875 0.10546875 0.482421875 0.111328125 0.4921875 0.111328125 0.50390625 0.10546875 0.498046875 0.099609375 0.498046875 0.09765625 0.494140625 0.099609375 0.484375
4 0.140625 0.392578125 0.14453125 0.396484375 0.1484375 0.40625 0.1484375 0.408203125 0.142578125 0.41015625 0.142578125 0.41796875 0.138671875 0.4140625 0.140625 0.408203125 0.1328125 0.3984375 0.1328125 0.392578125 0.134765625 0.390625 0.138671875 0.392578125
4 0.1796875 0.32421875 0.181640625 0.337890625 0.18359375 0.33984375 0.181640625 0.34375 0.17578125 0.345703125 0.171875 0.341796875 0.169921875 0.33203125 0.177734375 0.32421875