0 0.9072265625 0.0703125 0.009765625 0.013671875
0 0.8583984375 0.0634765625 0.01171875 0.02734375
0 0.6953125 0.8310546875 0.0087890625 0.0263671875
0 0.5224609375 0.375 0.0126953125 0.021484375
0 0.5361328125 0.3740234375 0.0126953125 0.015625
0 0.82421875 0.3271484375 0.015625 0.0283203125
0 0.9052734375 0.3076171875 0.017578125 0.037109375
0 0.9306640625 0.330078125 0.017578125 0.033203125
0 0.9033203125 0.2744140625 0.015625 0.029296875
0 0.9912109375 0.7294921875 0.017578125 0.0244140625
0 0.990234375 0.6787109375 0.0185546875 0.021484375
0 0.8994140625 0.048828125 0.0107421875 0.0185546875