3 0.580078125 0.78125 0.580078125 0.771484375 0.578125 0.76953125 0.578125 0.759765625 0.580078125 0.7578125 0.5859375 0.763671875 0.5859375 0.7734375 0.58203125 0.78125
3 0.568359375 0.734375 0.576171875 0.734375 0.578125 0.736328125 0.578125 0.7578125 0.576171875 0.759765625 0.5703125 0.7578125 0.568359375 0.736328125
3 0.556640625 0.712890625 0.560546875 0.71484375 0.560546875 0.720703125 0.5625 0.72265625 0.560546875 0.7421875 0.556640625 0.74609375 0.5546875 0.744140625 0.556640625 0.71484375
3 0.041015625 0.587890625 0.046875 0.5703125 0.05078125 0.56640625 0.056640625 0.56640625 0.05859375 0.568359375 0.05859375 0.580078125 0.048828125 0.58984375 0.044921875 0.591796875 0.04296875 0.58984375
3 0.1931640625 0.6989366319444444 0.020182291666666657 0.039583333333333304
3 0.1875 0.712890625 0.1953125 0.720703125 0.193359375 0.73046875 0.1875 0.732421875 0.18359375 0.728515625 0.181640625 0.71875 0.185546875 0.71484375
3 0.54296875 0.76171875 0.544921875 0.759765625 0.55078125 0.759765625 0.55078125 0.76953125 0.5546875 0.78125 0.548828125 0.787109375 0.54296875 0.77734375 0.544921875 0.763671875
3 0.544921875 0.734375 0.548828125 0.734375 0.556640625 0.744140625 0.556640625 0.7578125 0.5546875 0.759765625 0.55078125 0.75390625 0.546875 0.736328125
3 0.8207682291666667 0.1296730324074074 0.017447916666666674 0.02780671296296297
3 0.18359375 0.732421875 0.19140625 0.73828125 0.177734375 0.76171875 0.177734375 0.74609375 0.18359375 0.734375
3 0.82421875 0.498046875 0.830078125 0.498046875 0.837890625 0.50390625 0.833984375 0.51171875 0.82421875 0.515625 0.822265625 0.513671875 0.822265625 0.501953125 0.82421875 0.5
3 0.5546875 0.755859375 0.556640625 0.7578125 0.556640625 0.76953125 0.5546875 0.771484375 0.5546875 0.78125 0.55078125 0.78515625 0.548828125 0.765625 0.544921875 0.76171875 0.552734375 0.755859375
3 0.826171875 0.81640625 0.828125 0.81640625 0.830078125 0.828125 0.837890625 0.833984375 0.837890625 0.849609375 0.83984375 0.8515625 0.83984375 0.85546875 0.837890625 0.85546875 0.83203125 0.84765625 0.830078125 0.83984375 0.822265625 0.83203125 0.826171875 0.818359375