0 0.0576171875 0.634765625 0.013671875 0.02734375
0 0.029296875 0.869140625 0.015625 0.03125
0 0.0302734375 0.376953125 0.0234375 0.03125
0 0.068359375 0.666015625 0.013671875 0.0390625
1 0.765625 0.990234375 0.03125 0.01953125
1 0.865234375 0.98828125 0.03125 0.0234375
1 0.8310546875 0.9873046875 0.03125 0.025390625
1 0.7998046875 0.9921875 0.03125 0.015625
1 0.728515625 0.9912109375 0.029296875 0.017578125
0 0.1259765625 0.240234375 0.017578125 0.03515625
0 0.046875 0.4501953125 0.015625 0.037109375
0 0.0107421875 0.279296875 0.021484375 0.0234375