0 0.826171875 0.5732421875 0.025390625 0.037109375
0 0.8095703125 0.5029296875 0.021484375 0.025390625
0 0.3837890625 0.1103515625 0.017578125 0.0390625
0 0.7578125 0.2841796875 0.013671875 0.0234375
0 0.7314453125 0.658203125 0.01953125 0.025390625
0 0.744140625 0.2666015625 0.017578125 0.0234375
0 0.783203125 0.044921875 0.017578125 0.02734375
1 0.12890625 0.1962890625 0.0546875 0.1015625
1 0.0966796875 0.2265625 0.05078125 0.103515625
1 0.0576171875 0.2421875 0.052734375 0.115234375
1 0.033203125 0.265625 0.02734375 0.103515625