0 0.9794921875 0.32421875 0.0126953125 0.021484375
0 0.423828125 0.669921875 0.013671875 0.0263671875
0 0.982421875 0.302734375 0.01171875 0.0185546875
0 0.857421875 0.3525390625 0.0107421875 0.015625
0 0.3974609375 0.66015625 0.0146484375 0.0263671875
0 0.4482421875 0.7001953125 0.0126953125 0.0322265625
0 0.44140625 0.736328125 0.0126953125 0.03125
0 0.4306640625 0.7060546875 0.013671875 0.029296875
0 0.2099609375 0.90625 0.021484375 0.0205078125
0 0.1943359375 0.8671875 0.013671875 0.0263671875
0 0.2021484375 0.890625 0.01953125 0.0166015625
0 0.9716796875 0.2958984375 0.0107421875 0.013671875
0 0.314453125 0.251953125 0.0126953125 0.033203125