0 0.59765625 0.3017578125 0.013671875 0.02734375
0 0.7041015625 0.7353515625 0.01171875 0.021484375
0 0.01953125 0.671875 0.013671875 0.0234375
0 0.0185546875 0.6982421875 0.013671875 0.025390625
0 0.8173828125 0.0625 0.015625 0.0234375
0 0.625 0.314453125 0.01171875 0.021484375
0 0.5888671875 0.267578125 0.01171875 0.025390625
0 0.572265625 0.271484375 0.013671875 0.0234375
0 0.5791015625 0.234375 0.015625 0.0234375
0 0.830078125 0.103515625 0.021484375 0.02734375
0 0.82421875 0.0810546875 0.01953125 0.021484375
0 0.154296875 0.671875 0.013671875 0.03125