0 0.5458984375 0.326171875 0.01171875 0.0224609375
0 0.5302734375 0.326171875 0.01171875 0.025390625
0 0.6953125 0.7666015625 0.009765625 0.0205078125
0 0.83203125 0.2861328125 0.0166015625 0.0302734375
0 0.9384765625 0.3056640625 0.0126953125 0.033203125
0 0.9091796875 0.2724609375 0.0146484375 0.037109375
0 0.916015625 0.244140625 0.0146484375 0.03125
0 0.9912109375 0.6962890625 0.0166015625 0.03515625
0 0.9111328125 0.0234375 0.0107421875 0.0185546875
0 0.8701171875 0.03125 0.0087890625 0.01953125
0 0.7451171875 0.05859375 0.0087890625 0.017578125