0 0.2626953125 0.7001953125 0.01953125 0.033203125
0 0.744140625 0.2451171875 0.021484375 0.033203125
0 0.740234375 0.8369140625 0.0234375 0.0390625
0 0.26171875 0.548828125 0.02734375 0.033203125
0 0.6572265625 0.0771484375 0.01953125 0.02734375
0 0.759765625 0.212890625 0.0234375 0.033203125
0 0.7392578125 0.2890625 0.01953125 0.03125
0 0.248046875 0.7021484375 0.01953125 0.0390625
0 0.662109375 0.525390625 0.017578125 0.01953125
0 0.876953125 0.529296875 0.015625 0.017578125
0 0.6748046875 0.5009765625 0.015625 0.025390625