0 0.82421875 0.5322265625 0.021484375 0.03515625
0 0.80078125 0.462890625 0.017578125 0.0234375
0 0.337890625 0.119140625 0.013671875 0.037109375
0 0.7255859375 0.251953125 0.01171875 0.0234375
0 0.740234375 0.625 0.017578125 0.0234375
0 0.7119140625 0.2353515625 0.015625 0.021484375
0 0.7265625 0.0146484375 0.015625 0.021484375
0 0.98828125 0.90625 0.009765625 0.025390625
1 0.095703125 0.23046875 0.044921875 0.095703125
1 0.06640625 0.2626953125 0.0390625 0.099609375
1 0.029296875 0.283203125 0.041015625 0.109375
1 0.0087890625 0.30859375 0.01171875 0.1015625