4 0.51953125 0.28515625 0.5234375 0.28515625 0.52734375 0.29296875 0.52734375 0.30859375 0.5234375 0.30859375 0.5234375 0.302734375 0.51953125 0.30078125 0.515625 0.29296875 0.51953125 0.287109375
4 0.52734375 0.306640625 0.53125 0.310546875 0.533203125 0.326171875 0.53515625 0.328125 0.53515625 0.33203125 0.53125 0.333984375 0.53125 0.328125 0.525390625 0.310546875 0.52734375 0.30859375
4 0.53515625 0.333984375 0.5390625 0.33203125 0.544921875 0.34375 0.541015625 0.35546875 0.5390625 0.34765625 0.53515625 0.34375 0.537109375 0.3359375
4 0.54296875 0.302734375 0.546875 0.302734375 0.548828125 0.314453125 0.552734375 0.322265625 0.552734375 0.326171875 0.546875 0.326171875 0.544921875 0.32421875 0.54296875 0.3046875
4 0.2421875 0.45703125 0.25 0.466796875 0.25390625 0.466796875 0.251953125 0.470703125 0.259765625 0.482421875 0.259765625 0.48828125 0.2578125 0.490234375 0.25390625 0.48828125 0.25390625 0.484375 0.244140625 0.47265625 0.244140625 0.46875 0.240234375 0.462890625 0.2421875 0.458984375
4 0.24609375 0.470703125 0.25 0.470703125 0.259765625 0.48046875 0.259765625 0.486328125 0.26171875 0.48828125 0.259765625 0.490234375 0.25390625 0.48828125 0.25390625 0.484375 0.248046875 0.478515625 0.24609375 0.47265625
4 0.125 0.6484375 0.1328125 0.65234375 0.140625 0.66015625 0.140625 0.669921875 0.1328125 0.66796875 0.123046875 0.65625 0.125 0.650390625
4 0.228515625 0.42578125 0.2421875 0.44140625 0.244140625 0.44921875 0.236328125 0.451171875 0.232421875 0.447265625 0.224609375 0.431640625 0.224609375 0.427734375 0.2265625 0.427734375
4 0.896484375 0.78125 0.900390625 0.7890625 0.900390625 0.794921875 0.8984375 0.796875 0.900390625 0.798828125 0.89453125 0.796875 0.884765625 0.7890625 0.890625 0.77734375 0.89453125 0.78125
4 0.2421875 0.4609375 0.24609375 0.4609375 0.25 0.466796875 0.255859375 0.46484375 0.25390625 0.47265625 0.25 0.470703125 0.244140625 0.47265625 0.2421875 0.462890625
4 0.546875 0.298828125 0.546875 0.291015625 0.544921875 0.2890625 0.546875 0.283203125 0.5546875 0.291015625 0.5546875 0.296875 0.556640625 0.298828125 0.556640625 0.3046875 0.5546875 0.306640625 0.55078125 0.306640625 0.55078125 0.30078125 0.548828125 0.298828125
4 0.814453125 0.44921875 0.814453125 0.443359375 0.8125 0.44140625 0.814453125 0.4375 0.8203125 0.4375 0.828125 0.44140625 0.828125 0.4453125 0.822265625 0.44921875 0.82421875 0.451171875 0.818359375 0.453125 0.81640625 0.44921875
4 0.7578125 0.126953125 0.76171875 0.13671875 0.759765625 0.138671875 0.759765625 0.150390625 0.755859375 0.154296875 0.75390625 0.162109375 0.751953125 0.1640625 0.748046875 0.162109375 0.74609375 0.150390625 0.75390625 0.14453125 0.755859375 0.12890625