0 0.533203125 0.6025390625 0.013671875 0.0234375
0 0.1796875 0.9775390625 0.01953125 0.015625
0 0.5390625 0.548828125 0.015625 0.0234375
0 0.099609375 0.296875 0.013671875 0.029296875
0 0.0966796875 0.3291015625 0.013671875 0.01171875
0 0.560546875 0.5390625 0.015625 0.03125
0 0.5185546875 0.56640625 0.015625 0.03515625
0 0.5380859375 0.57421875 0.015625 0.029296875
0 0.78125 0.763671875 0.021484375 0.01953125
0 0.80078125 0.7177734375 0.0234375 0.02734375
0 0.7919921875 0.744140625 0.0234375 0.025390625