4 0.111328125 0.5859375 0.123046875 0.59765625 0.123046875 0.607421875 0.119140625 0.609375 0.11328125 0.603515625 0.11328125 0.599609375 0.109375 0.59375 0.111328125 0.587890625
4 0.216796875 0.890625 0.21875 0.892578125 0.21875 0.90234375 0.21484375 0.908203125 0.208984375 0.908203125 0.203125 0.8984375 0.203125 0.89453125 0.20703125 0.888671875 0.21484375 0.890625
4 0.18359375 0.77734375 0.185546875 0.791015625 0.181640625 0.794921875 0.17578125 0.794921875 0.173828125 0.79296875 0.173828125 0.783203125 0.181640625 0.77734375
4 0.14453125 0.533203125 0.150390625 0.5390625 0.150390625 0.55078125 0.146484375 0.556640625 0.14453125 0.5546875 0.14453125 0.548828125 0.138671875 0.541015625 0.138671875 0.53515625 0.142578125 0.533203125
4 0.263671875 0.3134765625 0.01171875 0.01953125
4 0.6953125 0.322265625 0.697265625 0.30078125 0.69921875 0.298828125 0.705078125 0.298828125 0.705078125 0.310546875 0.697265625 0.3203125 0.6953125 0.326171875 0.693359375 0.32421875
4 0.724609375 0.15625 0.72265625 0.15234375 0.72265625 0.138671875 0.728515625 0.12890625 0.73046875 0.12890625 0.73046875 0.14453125 0.728515625 0.146484375 0.728515625 0.158203125 0.7265625 0.15625
4 0.712890625 0.16015625 0.7109375 0.15625 0.7109375 0.142578125 0.71484375 0.134765625 0.71875 0.130859375 0.72265625 0.134765625 0.71484375 0.158203125
4 0.2470703125 0.33203125 0.013671875 0.01953125
4 0.095703125 0.623046875 0.103515625 0.63671875 0.103515625 0.642578125 0.099609375 0.642578125 0.09375 0.63671875 0.08984375 0.63671875 0.087890625 0.626953125 0.09375 0.623046875
4 0.357421875 0.642578125 0.3671875 0.654296875 0.365234375 0.6640625 0.361328125 0.666015625 0.361328125 0.662109375 0.35546875 0.65625 0.353515625 0.65234375 0.353515625 0.646484375 0.35546875 0.64453125
4 0.251953125 0 0.2578125 0 0.2578125 0.009765625 0.251953125 0.001953125
4 0.22265625 0.859375 0.228515625 0.859375 0.23046875 0.86328125 0.228515625 0.873046875 0.224609375 0.875 0.22265625 0.861328125