4 0.703125 0.921875 0.708984375 0.923828125 0.716796875 0.943359375 0.716796875 0.94921875 0.71484375 0.951171875 0.708984375 0.947265625 0.708984375 0.9375 0.703125 0.927734375 0.703125 0.923828125
4 0.755859375 0.369140625 0.76953125 0.388671875 0.767578125 0.392578125 0.755859375 0.38671875 0.75390625 0.3828125 0.75390625 0.373046875 0.755859375 0.37109375
4 0.658203125 0.037109375 0.65625 0.03515625 0.646484375 0.03515625 0.642578125 0.029296875 0.6484375 0.015625 0.65625 0.015625 0.658203125 0.03515625
4 0.701171875 0.126953125 0.703125 0.12890625 0.703125 0.142578125 0.697265625 0.146484375 0.69140625 0.140625 0.69140625 0.130859375 0.697265625 0.125 0.69921875 0.126953125
4 0.22265625 0.849609375 0.2265625 0.86328125 0.220703125 0.876953125 0.21875 0.875 0.21875 0.861328125 0.216796875 0.859375 0.21875 0.84765625 0.220703125 0.849609375
4 0.6640625 0.615234375 0.669921875 0.615234375 0.673828125 0.619140625 0.673828125 0.62890625 0.671875 0.6328125 0.66796875 0.6328125 0.666015625 0.630859375 0.666015625 0.6171875
4 0.783203125 0.30859375 0.791015625 0.3203125 0.7890625 0.330078125 0.78515625 0.3359375 0.783203125 0.326171875 0.771484375 0.3203125 0.77734375 0.3125 0.77734375 0.3046875 0.78125 0.30859375
4 0.23046875 0.837890625 0.234375 0.83984375 0.234375 0.8515625 0.236328125 0.853515625 0.236328125 0.861328125 0.232421875 0.8671875 0.232421875 0.87109375 0.2265625 0.869140625 0.224609375 0.857421875 0.228515625 0.8515625 0.23046875 0.83984375
4 0.642578125 0.0546875 0.646484375 0.05859375 0.646484375 0.06640625 0.642578125 0.0703125 0.638671875 0.068359375 0.638671875 0.05859375 0.63671875 0.056640625 0.640625 0.0546875
4 0.2275390625 0.6884765625 0.017578125 0.037109375
4 0.806640625 0.275390625 0.806640625 0.28515625 0.802734375 0.2890625 0.79296875 0.28125 0.791015625 0.267578125 0.794921875 0.265625 0.8046875 0.275390625
4 0.52734375 0.283203125 0.537109375 0.29296875 0.537109375 0.302734375 0.541015625 0.30859375 0.541015625 0.3125 0.53515625 0.314453125 0.529296875 0.30859375 0.5234375 0.291015625 0.525390625 0.28515625