0 0.5224609375 0.4306640625 0.01171875 0.0166015625
0 0.5068359375 0.4306640625 0.0107421875 0.0185546875
0 0.884765625 0.3017578125 0.01171875 0.025390625
0 0.697265625 0.90234375 0.01171875 0.0263671875
0 0.9873046875 0.755859375 0.013671875 0.025390625
0 0.8896484375 0.3291015625 0.0166015625 0.0341796875
0 0.91796875 0.3408203125 0.0185546875 0.029296875
0 0.80859375 0.3583984375 0.0107421875 0.0283203125
0 0.986328125 0.7080078125 0.0146484375 0.025390625
0 0.9912109375 0.6298828125 0.0166015625 0.029296875
0 0.875 0.0751953125 0.0087890625 0.0283203125
0 0.8330078125 0.0927734375 0.0126953125 0.0224609375