0 0.6201171875 0.5263671875 0.009765625 0.015625
0 0.24609375 0.53515625 0.017578125 0.03125
0 0.654296875 0.12109375 0.0126953125 0.029296875
0 0.6484375 0.453125 0.01171875 0.0185546875
0 0.7919921875 0.7041015625 0.013671875 0.0322265625
0 0.2119140625 0.3828125 0.0126953125 0.0244140625
0 0.779296875 0.6611328125 0.01171875 0.0283203125
0 0.6640625 0.466796875 0.0107421875 0.0185546875
0 0.744140625 0.892578125 0.013671875 0.0205078125
0 0.8154296875 0.7333984375 0.021484375 0.0224609375
0 0.2001953125 0.3837890625 0.0107421875 0.03515625