0 0.779296875 0.8134765625 0.01953125 0.03125
0 0.849609375 0.64453125 0.015625 0.0390625
0 0.1728515625 0.3935546875 0.01171875 0.0234375
0 0.287109375 0.6005859375 0.01171875 0.01953125
0 0.1171875 0.90625 0.0234375 0.01953125
0 0.3046875 0.5849609375 0.01171875 0.01953125
0 0.154296875 0.404296875 0.013671875 0.0234375
0 0.0869140625 0.912109375 0.01953125 0.0234375
0 0.1259765625 0.8134765625 0.015625 0.0234375
0 0.064453125 0.4794921875 0.013671875 0.01953125
0 0.3115234375 0.1298828125 0.01953125 0.041015625
0 0.865234375 0.6474609375 0.015625 0.02734375