0 0.880859375 0.064453125 0.0107421875 0.029296875
0 0.6943359375 0.884765625 0.0107421875 0.02734375
0 0.841796875 0.0791015625 0.009765625 0.021484375
0 0.8125 0.3525390625 0.017578125 0.0283203125
0 0.91796875 0.3359375 0.015625 0.03125
0 0.8916015625 0.32421875 0.017578125 0.0341796875
0 0.890625 0.291015625 0.0146484375 0.0263671875
0 0.9873046875 0.748046875 0.025390625 0.01953125
0 0.986328125 0.69921875 0.0146484375 0.021484375
0 0.9912109375 0.62109375 0.0166015625 0.029296875
0 0.51171875 0.416015625 0.009765625 0.01953125
0 0.525390625 0.4208984375 0.0087890625 0.0224609375