0 0.623046875 0.888671875 0.0126953125 0.02734375
0 0.533203125 0.0986328125 0.0146484375 0.033203125
0 0.548828125 0.0986328125 0.013671875 0.03125
0 0.5166015625 0.380859375 0.01171875 0.015625
0 0.5361328125 0.388671875 0.0087890625 0.01171875
0 0.6826171875 0.462890625 0.0126953125 0.029296875
0 0.880859375 0.9091796875 0.0166015625 0.0224609375
0 0.9873046875 0.4521484375 0.0146484375 0.033203125
0 0.9912109375 0.408203125 0.0166015625 0.041015625
0 0.92578125 0.07421875 0.0126953125 0.029296875
0 0.908203125 0.0693359375 0.0107421875 0.041015625
0 0.9248046875 0.0419921875 0.013671875 0.0361328125