0 0.47265625 0.59765625 0.0126953125 0.0234375
0 0.7958984375 0.9853515625 0.01953125 0.0263671875
0 0.46875 0.5458984375 0.013671875 0.0224609375
0 0.90625 0.32421875 0.01171875 0.0283203125
0 0.908203125 0.35546875 0.01171875 0.0107421875
0 0.44921875 0.53515625 0.013671875 0.029296875
0 0.48828125 0.5634765625 0.013671875 0.033203125
0 0.46875 0.5703125 0.0146484375 0.0283203125
0 0.2236328125 0.7412109375 0.01953125 0.0185546875
0 0.20703125 0.6962890625 0.021484375 0.025390625
0 0.2138671875 0.720703125 0.021484375 0.0224609375