0 0.3017578125 0.294921875 0.0146484375 0.0322265625
0 0.29296875 0.1513671875 0.013671875 0.033203125
0 0.697265625 0.3525390625 0.01171875 0.0205078125
0 0.7978515625 0.5849609375 0.013671875 0.03125
0 0.6826171875 0.3388671875 0.0107421875 0.017578125
0 0.81640625 0.623046875 0.017578125 0.02734375
0 0.7373046875 0.74609375 0.01953125 0.025390625
0 0.7724609375 0.52734375 0.0146484375 0.0234375
1 0.046875 0.4267578125 0.044921875 0.0849609375
1 0.0185546875 0.46484375 0.037109375 0.0927734375
0 0.6953125 0.0771484375 0.009765625 0.0380859375