0 0.21875 0.748046875 0.0185546875 0.02734375
0 0.1513671875 0.5927734375 0.0146484375 0.029296875
0 0.806640625 0.84375 0.0185546875 0.02734375
0 0.638671875 0.1669921875 0.0146484375 0.033203125
0 0.8603515625 0.4755859375 0.0107421875 0.0185546875
0 0.6572265625 0.5791015625 0.0107421875 0.021484375
0 0.7763671875 0.4072265625 0.01171875 0.0205078125
0 0.833984375 0.857421875 0.017578125 0.0205078125
0 0.642578125 0.5634765625 0.0126953125 0.015625
0 0.80078125 0.7705078125 0.015625 0.025390625
0 0.1611328125 0.591796875 0.0146484375 0.02734375