1 0.037109375 0.326171875 0.04296875 0.33984375 0.044921875 0.357421875 0.0546875 0.388671875 0.0546875 0.40234375 0.05078125 0.41015625 0.04296875 0.416015625 0.037109375 0.416015625 0.029296875 0.40625 0.02734375 0.392578125 0.0234375 0.384765625 0.021484375 0.357421875 0.017578125 0.34765625 0.017578125 0.33984375 0.021484375 0.33203125 0.03125 0.32421875 0.03515625 0.326171875
1 0.064453125 0.2890625 0.0859375 0.359375 0.08203125 0.37109375 0.0703125 0.380859375 0.06640625 0.380859375 0.060546875 0.373046875 0.060546875 0.3671875 0.05078125 0.33984375 0.05078125 0.328125 0.044921875 0.306640625 0.046875 0.296875 0.0546875 0.2890625 0.05859375 0.287109375 0.0625 0.2890625
1 0 0.345703125 0.005859375 0.349609375 0.013671875 0.365234375 0.013671875 0.373046875 0.017578125 0.380859375 0.01953125 0.408203125 0.025390625 0.41796875 0.025390625 0.427734375 0.01953125 0.439453125 0.009765625 0.447265625 0 0.4453125 0 0.34765625
3 0.30859375 0.19140625 0.3125 0.197265625 0.3125 0.216796875 0.314453125 0.22265625 0.310546875 0.220703125 0.310546875 0.21484375 0.3046875 0.201171875 0.306640625 0.193359375
3 0.69921875 0.0234375 0.69921875 0.03515625 0.6953125 0.046875 0.69140625 0.046875 0.69140625 0.041015625 0.693359375 0.0390625 0.693359375 0.025390625 0.697265625 0.0234375
3 0.76953125 0.4375 0.771484375 0.439453125 0.771484375 0.447265625 0.767578125 0.4609375 0.765625 0.462890625 0.76171875 0.45703125 0.76171875 0.447265625 0.767578125 0.439453125
3 0.7021484375 0.7568359375 0.0146484375 0.0185546875
3 0.732421875 0.658203125 0.73828125 0.66015625 0.73828125 0.671875 0.736328125 0.67578125 0.73046875 0.671875 0.73046875 0.662109375 0.732421875 0.66015625
3 0.787109375 0.5 0.794921875 0.494140625 0.798828125 0.49609375 0.798828125 0.505859375 0.794921875 0.505859375 0.791015625 0.509765625 0.791015625 0.517578125 0.7890625 0.51953125 0.787109375 0.501953125
3 0.310546875 0.052734375 0.3203125 0.05859375 0.32421875 0.0703125 0.322265625 0.080078125 0.3203125 0.08203125 0.318359375 0.080078125 0.318359375 0.076171875 0.3125 0.068359375 0.310546875 0.0546875
3 0.81640625 0.546875 0.8203125 0.548828125 0.8203125 0.5546875 0.814453125 0.564453125 0.814453125 0.568359375 0.80859375 0.564453125 0.810546875 0.548828125 0.814453125 0.548828125
3 0.998046875 0.916015625 0.998046875 0.92578125 0.994140625 0.9296875 0.98828125 0.92578125 0.98828125 0.921875 0.9921875 0.91796875 0.99609375 0.91796875
3 0.689453125 0.72265625 0.6953125 0.724609375 0.693359375 0.734375 0.689453125 0.734375 0.6875 0.728515625 0.689453125 0.724609375