4 0.2734375 0.1875 0.279296875 0.189453125 0.279296875 0.203125 0.287109375 0.2109375 0.287109375 0.212890625 0.27734375 0.212890625 0.275390625 0.2109375 0.275390625 0.203125 0.271484375 0.1953125 0.2734375 0.189453125
4 0.65625 0.1796875 0.66015625 0.18359375 0.658203125 0.208984375 0.65234375 0.2109375 0.650390625 0.20703125 0.65234375 0.203125 0.65234375 0.189453125 0.65625 0.181640625
4 0.64453125 0.1875 0.646484375 0.203125 0.64453125 0.205078125 0.64453125 0.21484375 0.640625 0.21875 0.634765625 0.212890625 0.634765625 0.208984375 0.63671875 0.20703125 0.638671875 0.189453125 0.642578125 0.1875
4 0.62890625 0.181640625 0.630859375 0.162109375 0.634765625 0.15625 0.63671875 0.15625 0.638671875 0.16796875 0.63671875 0.169921875 0.63671875 0.17578125 0.630859375 0.181640625
4 0.279296875 0.201171875 0.279296875 0.216796875 0.283203125 0.224609375 0.283203125 0.234375 0.279296875 0.234375 0.27734375 0.220703125 0.2734375 0.21484375 0.2734375 0.203125 0.27734375 0.201171875
4 0.806640625 0.705078125 0.806640625 0.708984375 0.810546875 0.71484375 0.806640625 0.724609375 0.802734375 0.724609375 0.80078125 0.716796875 0.796875 0.71484375 0.796875 0.7109375 0.8046875 0.705078125
4 0.638671875 0.166015625 0.642578125 0.16796875 0.64453125 0.18359375 0.63671875 0.19140625 0.634765625 0.197265625 0.630859375 0.197265625 0.63671875 0.18359375 0.638671875 0.16796875
4 0.26953125 0.16015625 0.271484375 0.16015625 0.275390625 0.16796875 0.275390625 0.1796875 0.279296875 0.1875 0.279296875 0.193359375 0.275390625 0.1875 0.26953125 0.189453125 0.26953125 0.17578125 0.267578125 0.173828125 0.26953125 0.162109375
4 0.203125 0.287109375 0.201171875 0.28515625 0.201171875 0.275390625 0.197265625 0.263671875 0.201171875 0.26171875 0.208984375 0.2734375 0.2109375 0.279296875 0.205078125 0.28515625
4 0.833984375 0.39453125 0.84375 0.40234375 0.84375 0.40625 0.8359375 0.4140625 0.83203125 0.41015625 0.83203125 0.3984375 0.833984375 0.396484375
4 0.66015625 0.162109375 0.662109375 0.162109375 0.662109375 0.177734375 0.658203125 0.185546875 0.654296875 0.1796875 0.65625 0.16796875 0.66015625 0.1640625
4 0.869140625 0.115234375 0.869140625 0.126953125 0.865234375 0.13671875 0.857421875 0.14453125 0.853515625 0.142578125 0.8515625 0.13671875 0.853515625 0.1328125 0.86328125 0.126953125 0.8671875 0.1171875