0 0.216796875 0.7841796875 0.017578125 0.0283203125
0 0.1552734375 0.6328125 0.013671875 0.0341796875
0 0.759765625 0.4091796875 0.0107421875 0.021484375
0 0.6572265625 0.59375 0.0107421875 0.0185546875
0 0.8095703125 0.8662109375 0.0205078125 0.0185546875
0 0.6416015625 0.5791015625 0.0107421875 0.017578125
0 0.775390625 0.4189453125 0.01171875 0.0205078125
0 0.8359375 0.87109375 0.0185546875 0.0205078125
0 0.8017578125 0.7841796875 0.0146484375 0.021484375
0 0.8564453125 0.4853515625 0.01171875 0.0185546875
0 0.6357421875 0.1728515625 0.017578125 0.037109375
0 0.140625 0.6357421875 0.0146484375 0.025390625