0 0.3115234375 0.0869140625 0.0126953125 0.03125
0 0.3115234375 0.2275390625 0.013671875 0.033203125
0 0.81640625 0.576171875 0.01953125 0.0234375
0 0.7939453125 0.5263671875 0.013671875 0.0263671875
0 0.654296875 0.3525390625 0.0107421875 0.0166015625
0 0.7353515625 0.6865234375 0.0166015625 0.025390625
0 0.76953125 0.4677734375 0.013671875 0.017578125
0 0.6982421875 0.044921875 0.0146484375 0.029296875
1 0.064453125 0.359375 0.0439453125 0.1015625
1 0.0361328125 0.3955078125 0.037109375 0.107421875
1 0.009765625 0.4130859375 0.01953125 0.1083984375
0 0.6865234375 0.2919921875 0.0078125 0.0234375
0 0.7001953125 0.3095703125 0.0126953125 0.01953125