4 0.212890625 0.7890625 0.2265625 0.791015625 0.2265625 0.79296875 0.216796875 0.798828125 0.21484375 0.810546875 0.208984375 0.818359375 0.205078125 0.814453125 0.205078125 0.810546875 0.208984375 0.8046875 0.208984375 0.798828125 0.212890625 0.791015625
4 0.6171875 0.841796875 0.619140625 0.84375 0.619140625 0.8515625 0.6171875 0.853515625 0.619140625 0.8671875 0.615234375 0.876953125 0.611328125 0.869140625 0.611328125 0.853515625 0.609375 0.8515625 0.611328125 0.849609375 0.611328125 0.84375 0.615234375 0.841796875
4 0.603515625 0.833984375 0.60546875 0.833984375 0.603515625 0.8359375 0.60546875 0.83984375 0.60546875 0.849609375 0.603515625 0.8515625 0.60546875 0.857421875 0.603515625 0.86328125 0.59765625 0.865234375 0.59375 0.8515625 0.595703125 0.849609375 0.59375 0.8359375 0.6015625 0.83203125
4 0.587890625 0.8857421875 0.017578125 0.03125
4 0.220703125 0.767578125 0.22265625 0.76953125 0.22265625 0.77734375 0.21875 0.78125 0.21484375 0.802734375 0.2109375 0.8046875 0.208984375 0.794921875 0.2109375 0.79296875 0.2109375 0.78515625 0.216796875 0.77734375 0.21875 0.76953125
4 0.845703125 0.314453125 0.84765625 0.3203125 0.845703125 0.322265625 0.845703125 0.330078125 0.83984375 0.3359375 0.83203125 0.328125 0.83203125 0.32421875 0.84375 0.314453125
4 0.587890625 0.853515625 0.591796875 0.853515625 0.59375 0.859375 0.599609375 0.865234375 0.599609375 0.880859375 0.59375 0.88671875 0.591796875 0.884765625 0.59375 0.880859375 0.591796875 0.876953125 0.591796875 0.861328125 0.587890625 0.85546875
4 0.203125 0.814453125 0.20703125 0.81640625 0.21484375 0.814453125 0.2109375 0.818359375 0.2109375 0.82421875 0.20703125 0.828125 0.205078125 0.841796875 0.201171875 0.845703125 0.197265625 0.84375 0.19921875 0.841796875 0.19921875 0.826171875 0.203125 0.8203125 0.203125 0.81640625
4 0.142578125 0.703125 0.146484375 0.703125 0.15234375 0.70703125 0.15234375 0.7109375 0.146484375 0.720703125 0.13671875 0.728515625 0.134765625 0.7265625 0.142578125 0.705078125
4 0.828125 0.662109375 0.833984375 0.6484375 0.841796875 0.658203125 0.841796875 0.662109375 0.83203125 0.669921875 0.830078125 0.669921875 0.830078125 0.6640625
4 0.61328125 0.87109375 0.6171875 0.87109375 0.619140625 0.875 0.6171875 0.89453125 0.615234375 0.89453125 0.611328125 0.88671875 0.611328125 0.875 0.61328125 0.873046875
4 0.818359375 0.94140625 0.82421875 0.939453125 0.826171875 0.943359375 0.82421875 0.9453125 0.830078125 0.947265625 0.833984375 0.9609375 0.83203125 0.962890625 0.83203125 0.970703125 0.828125 0.966796875 0.826171875 0.962890625 0.828125 0.958984375 0.81640625 0.94921875 0.818359375 0.943359375