4 0.205078125 0.69921875 0.20703125 0.70703125 0.203125 0.71484375 0.193359375 0.712890625 0.193359375 0.70703125 0.203125 0.69921875
4 0.0791015625 0.478515625 0.01953125 0.02734375
4 0.0908203125 0.283203125 0.01171875 0.02734375
4 0.138671875 0.3125 0.01171875 0.017578125
4 0.14453125 0.66796875 0.138671875 0.65625 0.138671875 0.650390625 0.142578125 0.646484375 0.146484375 0.6484375 0.15234375 0.66015625 0.15234375 0.6640625 0.146484375 0.66796875
4 0.205078125 0.673828125 0.205078125 0.681640625 0.203125 0.68359375 0.19921875 0.681640625 0.19921875 0.67578125 0.203125 0.673828125
4 0.048828125 0.625 0.05078125 0.626953125 0.05078125 0.6328125 0.044921875 0.634765625 0.03515625 0.625 0.033203125 0.6171875 0.037109375 0.615234375 0.046875 0.625
4 0.275390625 0.375 0.27734375 0.376953125 0.27734375 0.390625 0.2734375 0.39453125 0.271484375 0.392578125 0.2734375 0.376953125
4 0.05078125 0.08984375 0.0546875 0.08984375 0.056640625 0.1015625 0.060546875 0.109375 0.060546875 0.115234375 0.05078125 0.1015625 0.048828125 0.095703125 0.05078125 0.091796875
4 0.060546875 0.5361328125 0.015625 0.0234375
4 0.083984375 0.30078125 0.0859375 0.306640625 0.083984375 0.318359375 0.078125 0.318359375 0.076171875 0.31640625 0.076171875 0.306640625 0.08203125 0.30078125