0 0.8642578125 0.05078125 0.0107421875 0.0244140625
0 0.9072265625 0.0400390625 0.0107421875 0.0302734375
0 0.541015625 0.357421875 0.01171875 0.0185546875
0 0.6953125 0.8125 0.0087890625 0.0263671875
0 0.0615234375 0.5927734375 0.01953125 0.0283203125
0 0.5263671875 0.3583984375 0.009765625 0.0205078125
0 0.8291015625 0.3154296875 0.0107421875 0.02734375
0 0.9072265625 0.2998046875 0.013671875 0.03125
0 0.935546875 0.3291015625 0.015625 0.03125
0 0.9111328125 0.2626953125 0.0166015625 0.0302734375
0 0.990234375 0.7216796875 0.0185546875 0.0244140625
0 0.9931640625 0.6689453125 0.0126953125 0.033203125