1 0.11328125 0.146484375 0.12109375 0.150390625 0.12109375 0.158203125 0.123046875 0.16015625 0.123046875 0.171875 0.126953125 0.181640625 0.126953125 0.1953125 0.130859375 0.20703125 0.130859375 0.224609375 0.12890625 0.228515625 0.123046875 0.234375 0.115234375 0.234375 0.109375 0.228515625 0.107421875 0.22265625 0.099609375 0.162109375 0.1015625 0.16015625 0.1015625 0.154296875 0.111328125 0.1484375
1 0.0234375 0.197265625 0.033203125 0.2109375 0.033203125 0.224609375 0.03515625 0.2265625 0.03515625 0.23828125 0.037109375 0.240234375 0.037109375 0.263671875 0.041015625 0.26953125 0.0390625 0.283203125 0.029296875 0.291015625 0.021484375 0.291015625 0.013671875 0.28125 0.009765625 0.220703125 0.0078125 0.21875 0.0078125 0.2109375 0.01171875 0.19921875 0.021484375 0.197265625
1 0.0546875 0.18359375 0.05859375 0.1875 0.0625 0.201171875 0.064453125 0.23828125 0.068359375 0.25 0.068359375 0.255859375 0.064453125 0.263671875 0.056640625 0.26953125 0.05078125 0.26953125 0.044921875 0.263671875 0.04296875 0.2578125 0.04296875 0.240234375 0.0390625 0.23046875 0.0390625 0.19140625 0.044921875 0.185546875 0.052734375 0.18359375
1 0.08203125 0.158203125 0.08984375 0.166015625 0.09375 0.19140625 0.095703125 0.193359375 0.095703125 0.2109375 0.1015625 0.232421875 0.099609375 0.24609375 0.087890625 0.255859375 0.08203125 0.255859375 0.07421875 0.24609375 0.07421875 0.23828125 0.0703125 0.2265625 0.0703125 0.21484375 0.068359375 0.212890625 0.068359375 0.197265625 0.06640625 0.1953125 0.06640625 0.185546875 0.068359375 0.18359375 0.06640625 0.16796875 0.068359375 0.162109375 0.07421875 0.158203125 0.080078125 0.158203125
1 0 0.228515625 0.001953125 0.228515625 0.001953125 0.236328125 0.00390625 0.23828125 0.005859375 0.271484375 0.009765625 0.279296875 0.009765625 0.29296875 0 0.302734375 0 0.23046875
1 0.130859375 0.125 0.138671875 0.12109375 0.14453125 0.12109375 0.1484375 0.125 0.154296875 0.14453125 0.154296875 0.15625 0.158203125 0.1640625 0.158203125 0.173828125 0.162109375 0.18359375 0.162109375 0.1953125 0.16015625 0.19921875 0.1484375 0.208984375 0.14453125 0.208984375 0.140625 0.205078125 0.13671875 0.19140625 0.13671875 0.1796875 0.1328125 0.171875 0.1328125 0.16015625 0.130859375 0.158203125 0.130859375 0.142578125 0.12890625 0.140625 0.12890625 0.12890625 0.130859375 0.126953125
3 0.755859375 0.2568359375 0.01171875 0.0205078125
3 0.744140625 0.2265625 0.74609375 0.228515625 0.74609375 0.240234375 0.740234375 0.244140625 0.740234375 0.23046875 0.7421875 0.228515625
3 0.755859375 0.611328125 0.76171875 0.611328125 0.763671875 0.61328125 0.763671875 0.62109375 0.759765625 0.62890625 0.75390625 0.625 0.755859375 0.61328125
3 0.37890625 0.078125 0.0087890625 0.0283203125
3 0.7119140625 0.669921875 0.0078125 0.0126953125
3 0.818359375 0.474609375 0.8203125 0.462890625 0.826171875 0.455078125 0.830078125 0.45703125 0.828125 0.47265625 0.822265625 0.47265625 0.818359375 0.4765625
3 0.716796875 0.69140625 0.71875 0.693359375 0.7265625 0.693359375 0.724609375 0.70703125 0.720703125 0.708984375 0.716796875 0.70703125 0.71484375 0.693359375
3 0.84375 0.533203125 0.849609375 0.533203125 0.849609375 0.54296875 0.84375 0.552734375 0.8359375 0.552734375 0.84375 0.53515625
3 0.755859375 0.01171875 0.76171875 0.013671875 0.759765625 0.033203125 0.751953125 0.041015625 0.755859375 0.029296875 0.755859375 0.013671875
3 0.796875 0.39453125 0.802734375 0.400390625 0.80078125 0.408203125 0.796875 0.412109375 0.79296875 0.412109375 0.79296875 0.40234375 0.796875 0.396484375