0 0.6201171875 0.8291015625 0.0146484375 0.017578125
0 0.537109375 0.060546875 0.01171875 0.0283203125
0 0.87109375 0.8681640625 0.0126953125 0.0166015625
0 0.52734375 0.2412109375 0.01171875 0.0166015625
0 0.5517578125 0.060546875 0.0126953125 0.0263671875
0 0.51953125 0.3447265625 0.0107421875 0.017578125
0 0.5380859375 0.3505859375 0.01171875 0.0185546875
0 0.9873046875 0.4189453125 0.01171875 0.0341796875
0 0.9921875 0.376953125 0.0107421875 0.0419921875
0 0.9306640625 0.0458984375 0.015625 0.0283203125
0 0.9130859375 0.0390625 0.0126953125 0.0361328125
0 0.9306640625 0.0166015625 0.0166015625 0.033203125