0 0.6103515625 0.802734375 0.0146484375 0.0244140625
0 0.5556640625 0.046875 0.013671875 0.0341796875
0 0.541015625 0.0478515625 0.0146484375 0.0341796875
0 0.5400390625 0.330078125 0.0126953125 0.0185546875
0 0.65234375 0.193359375 0.0185546875 0.0341796875
0 0.5224609375 0.3291015625 0.0126953125 0.01953125
0 0.98828125 0.4091796875 0.0107421875 0.04296875
0 0.9140625 0.0302734375 0.0126953125 0.041015625
0 0.9296875 0.0361328125 0.009765625 0.0302734375
0 0.9931640625 0.36328125 0.0126953125 0.041015625
0 0.931640625 0.01171875 0.01171875 0.0224609375
0 0.685546875 0.4013671875 0.01171875 0.0390625
0 0.8681640625 0.8515625 0.013671875 0.0283203125