0 0.833984375 0.74609375 0.0234375 0.03125
0 0.8701171875 0.58203125 0.021484375 0.037109375
0 0.2158203125 0.4619140625 0.015625 0.0234375
0 0.3525390625 0.6318359375 0.015625 0.021484375
0 0.2470703125 0.9375 0.0234375 0.0234375
0 0.3662109375 0.615234375 0.013671875 0.01953125
0 0.201171875 0.4755859375 0.015625 0.0234375
0 0.220703125 0.9462890625 0.021484375 0.0234375
0 0.240234375 0.8515625 0.01953125 0.025390625
0 0.130859375 0.556640625 0.015625 0.021484375
0 0.2998046875 0.2001953125 0.0234375 0.041015625
0 0.8857421875 0.58203125 0.01953125 0.029296875