0 0.7041015625 0.27734375 0.01171875 0.0244140625
0 0.65625 0.318359375 0.0107421875 0.0185546875
0 0.8154296875 0.5400390625 0.0185546875 0.0341796875
0 0.322265625 0.0478515625 0.0126953125 0.03515625
0 0.6884765625 0.2587890625 0.01171875 0.0185546875
0 0.314453125 0.1875 0.013671875 0.037109375
0 0.7919921875 0.4833984375 0.01953125 0.0234375
0 0.734375 0.6484375 0.009765625 0.033203125
0 0.697265625 0.02734375 0.0068359375 0.0322265625
0 0.9931640625 0.9091796875 0.0126953125 0.0302734375
1 0.0439453125 0.3466796875 0.037109375 0.0966796875
1 0.0751953125 0.310546875 0.0478515625 0.08984375
1 0.0146484375 0.3701171875 0.0283203125 0.1142578125