4 0.2109375 0.6953125 0.212890625 0.697265625 0.212890625 0.705078125 0.208984375 0.7109375 0.19921875 0.708984375 0.19921875 0.705078125 0.203125 0.69921875 0.208984375 0.6953125
4 0.06640625 0.46484375 0.0703125 0.46484375 0.080078125 0.474609375 0.080078125 0.48046875 0.08203125 0.482421875 0.08203125 0.490234375 0.076171875 0.482421875 0.0703125 0.48046875 0.06640625 0.474609375 0.06640625 0.466796875
4 0.076171875 0.2734375 0.080078125 0.2734375 0.0859375 0.28515625 0.0859375 0.2890625 0.08203125 0.29296875 0.07421875 0.283203125 0.07421875 0.27734375 0.076171875 0.275390625
4 0.125 0.30078125 0.12890625 0.30078125 0.1328125 0.3046875 0.1328125 0.3125 0.12890625 0.314453125 0.125 0.3125 0.125 0.302734375
4 0.1484375 0.642578125 0.15625 0.658203125 0.15234375 0.666015625 0.146484375 0.662109375 0.142578125 0.654296875 0.142578125 0.646484375 0.146484375 0.64453125
4 0.205078125 0.66796875 0.208984375 0.66796875 0.2109375 0.671875 0.2109375 0.67578125 0.205078125 0.677734375 0.203125 0.673828125 0.205078125 0.669921875
4 0.041015625 0.6171875 0.0546875 0.62890625 0.05078125 0.634765625 0.044921875 0.634765625 0.0390625 0.626953125 0.0390625 0.623046875 0.03515625 0.619140625 0.03515625 0.6171875 0.0390625 0.6171875
4 0.26953125 0.3671875 0.2734375 0.369140625 0.271484375 0.384765625 0.265625 0.3828125 0.265625 0.376953125 0.26953125 0.369140625
4 0.037109375 0.0859375 0.04296875 0.099609375 0.044921875 0.111328125 0.041015625 0.109375 0.033203125 0.095703125 0.033203125 0.08984375 0.03515625 0.087890625
4 0.05078125 0.525390625 0.0546875 0.5234375 0.060546875 0.525390625 0.064453125 0.537109375 0.064453125 0.54296875 0.05859375 0.54296875 0.056640625 0.541015625 0.05078125 0.54296875 0.05078125 0.52734375
4 0.068359375 0.314453125 0.068359375 0.30078125 0.0703125 0.298828125 0.076171875 0.298828125 0.078125 0.3046875 0.076171875 0.314453125 0.07421875 0.31640625 0.0703125 0.314453125