0 0.005859375 0.6591796875 0.01171875 0.021484375
0 0.5888671875 0.32421875 0.013671875 0.02734375
0 0.00390625 0.6796875 0.0078125 0.01953125
0 0.1337890625 0.634765625 0.01171875 0.017578125
0 0.615234375 0.3359375 0.015625 0.02734375
0 0.5654296875 0.29296875 0.013671875 0.033203125
0 0.5732421875 0.255859375 0.013671875 0.033203125
0 0.583984375 0.2880859375 0.015625 0.03125
0 0.8173828125 0.08984375 0.0234375 0.021484375
0 0.8310546875 0.130859375 0.013671875 0.02734375
0 0.82421875 0.1064453125 0.021484375 0.017578125
0 0.013671875 0.689453125 0.01171875 0.013671875
0 0.6865234375 0.7578125 0.015625 0.03515625