4 0.546875 0.751953125 0.5546875 0.744140625 0.5546875 0.75390625 0.556640625 0.755859375 0.5546875 0.765625 0.548828125 0.771484375 0.54296875 0.763671875 0.54296875 0.759765625 0.546875 0.75390625
4 0.55859375 0.716796875 0.5625 0.71875 0.5625 0.732421875 0.55859375 0.744140625 0.5546875 0.744140625 0.5546875 0.732421875 0.55859375 0.71875
4 0.568359375 0.693359375 0.5703125 0.693359375 0.5703125 0.69921875 0.572265625 0.701171875 0.5703125 0.71484375 0.564453125 0.720703125 0.5625 0.71875 0.564453125 0.705078125 0.568359375 0.6953125
4 0.572265625 0.75 0.5703125 0.744140625 0.572265625 0.7421875 0.572265625 0.7265625 0.57421875 0.724609375 0.580078125 0.724609375 0.580078125 0.734375 0.57421875 0.75
4 0.25 0.578125 0.25390625 0.576171875 0.25390625 0.572265625 0.26171875 0.560546875 0.265625 0.556640625 0.26953125 0.556640625 0.267578125 0.568359375 0.26171875 0.576171875 0.263671875 0.58203125 0.2578125 0.58203125 0.25 0.591796875 0.248046875 0.587890625 0.25 0.5859375 0.25 0.580078125
4 0.26953125 0.556640625 0.267578125 0.568359375 0.259765625 0.576171875 0.25390625 0.576171875 0.25390625 0.572265625 0.26171875 0.560546875 0.267578125 0.556640625
4 0.138671875 0.369140625 0.140625 0.37109375 0.138671875 0.380859375 0.130859375 0.384765625 0.126953125 0.390625 0.12109375 0.388671875 0.123046875 0.380859375 0.12890625 0.373046875 0.13671875 0.369140625
4 0.23828125 0.60546875 0.244140625 0.599609375 0.25 0.599609375 0.251953125 0.6015625 0.25 0.609375 0.240234375 0.619140625 0.240234375 0.623046875 0.236328125 0.625 0.23046875 0.623046875 0.23828125 0.607421875
4 0.939453125 0.21875 0.94140625 0.2265625 0.9375 0.236328125 0.93359375 0.23828125 0.93359375 0.2421875 0.927734375 0.23828125 0.92578125 0.2265625 0.931640625 0.224609375 0.9375 0.21875
4 0.25 0.578125 0.255859375 0.57421875 0.263671875 0.576171875 0.263671875 0.58203125 0.2578125 0.58203125 0.255859375 0.587890625 0.251953125 0.58984375 0.25 0.58984375 0.25 0.580078125
4 0.5791015625 0.759765625 0.017578125 0.03125
4 0.853515625 0.595703125 0.86328125 0.5859375 0.87109375 0.595703125 0.86328125 0.6015625 0.857421875 0.6015625 0.85546875 0.59765625
4 0.79296875 0.892578125 0.798828125 0.89453125 0.798828125 0.90234375 0.8046875 0.912109375 0.802734375 0.931640625 0.798828125 0.927734375 0.796875 0.912109375 0.7890625 0.90625 0.7890625 0.8984375 0.79296875 0.89453125