0 0.1982421875 0.7607421875 0.0234375 0.03125
0 0.11328125 0.5986328125 0.017578125 0.033203125
0 0.841796875 0.8193359375 0.0234375 0.03125
0 0.609375 0.0986328125 0.01953125 0.037109375
0 0.87109375 0.4169921875 0.013671875 0.021484375
0 0.6611328125 0.544921875 0.013671875 0.0234375
0 0.7763671875 0.349609375 0.013671875 0.0234375
0 0.8720703125 0.8330078125 0.01953125 0.0234375
0 0.6416015625 0.529296875 0.015625 0.017578125
0 0.830078125 0.7412109375 0.01953125 0.029296875
0 0.1240234375 0.5966796875 0.017578125 0.03125