4 0.19140625 0.189453125 0.1953125 0.1953125 0.197265625 0.205078125 0.20703125 0.2109375 0.201171875 0.216796875 0.1953125 0.216796875 0.1953125 0.2109375 0.1875 0.201171875 0.1875 0.193359375 0.185546875 0.19140625 0.189453125 0.189453125
4 0.58984375 0.103515625 0.591796875 0.1015625 0.591796875 0.08984375 0.595703125 0.087890625 0.595703125 0.091796875 0.599609375 0.095703125 0.599609375 0.12109375 0.591796875 0.1171875 0.59375 0.11328125 0.591796875 0.111328125 0.591796875 0.10546875
4 0.5859375 0.10546875 0.587890625 0.130859375 0.583984375 0.1328125 0.580078125 0.12890625 0.576171875 0.12890625 0.576171875 0.119140625 0.578125 0.1171875 0.576171875 0.11328125 0.576171875 0.1015625 0.58203125 0.09765625 0.58203125 0.103515625 0.583984375 0.10546875
4 0.5625 0.068359375 0.56640625 0.068359375 0.5703125 0.07421875 0.568359375 0.076171875 0.5703125 0.087890625 0.56640625 0.095703125 0.5625 0.095703125 0.5625 0.08203125 0.560546875 0.080078125 0.5625 0.0703125
4 0.193359375 0.203125 0.197265625 0.205078125 0.19921875 0.216796875 0.20703125 0.228515625 0.205078125 0.232421875 0.20703125 0.23828125 0.201171875 0.232421875 0.19140625 0.2109375 0.193359375 0.205078125
4 0.87890625 0.609375 0.88671875 0.6171875 0.88671875 0.62890625 0.8828125 0.630859375 0.87890625 0.625 0.873046875 0.623046875 0.873046875 0.6171875 0.876953125 0.611328125
4 0.5703125 0.076171875 0.576171875 0.080078125 0.576171875 0.0859375 0.580078125 0.091796875 0.580078125 0.09765625 0.57421875 0.103515625 0.57421875 0.109375 0.5703125 0.115234375 0.568359375 0.11328125 0.572265625 0.099609375 0.5703125 0.095703125 0.5703125 0.083984375 0.572265625 0.080078125 0.5703125 0.078125
4 0.17578125 0.162109375 0.181640625 0.1640625 0.18359375 0.173828125 0.1875 0.17578125 0.1875 0.181640625 0.1953125 0.193359375 0.19140625 0.189453125 0.1875 0.193359375 0.181640625 0.189453125 0.1796875 0.177734375 0.17578125 0.17578125 0.17578125 0.1640625
4 0.125 0.287109375 0.12890625 0.287109375 0.138671875 0.294921875 0.138671875 0.298828125 0.142578125 0.302734375 0.142578125 0.306640625 0.134765625 0.3125 0.1328125 0.310546875 0.1328125 0.3046875 0.125 0.29296875 0.125 0.2890625
4 0.8359375 0.271484375 0.84765625 0.279296875 0.84765625 0.283203125 0.84375 0.28515625 0.841796875 0.29296875 0.8359375 0.2890625 0.83203125 0.275390625 0.833984375 0.2734375
4 0.591796875 0.068359375 0.595703125 0.0703125 0.595703125 0.076171875 0.59765625 0.078125 0.595703125 0.08203125 0.59765625 0.08984375 0.591796875 0.091796875 0.58984375 0.0859375 0.58984375 0.07421875 0.591796875 0.0703125
4 0.7978515625 -0.015625 0.029296875 0.037109375