4 0.662109375 0.740234375 0.666015625 0.7421875 0.671875 0.75390625 0.669921875 0.755859375 0.671875 0.765625 0.66796875 0.765625 0.662109375 0.75390625 0.662109375 0.748046875 0.66015625 0.74609375 0.662109375 0.7421875
4 0.64453125 0.720703125 0.654296875 0.72265625 0.65625 0.736328125 0.66015625 0.740234375 0.658203125 0.744140625 0.65234375 0.744140625 0.650390625 0.734375 0.646484375 0.73046875 0.646484375 0.724609375 0.64453125 0.72265625
4 0.625 0.701171875 0.62890625 0.701171875 0.6328125 0.70703125 0.638671875 0.724609375 0.634765625 0.732421875 0.630859375 0.73046875 0.625 0.703125
4 0.072265625 0.638671875 0.08203125 0.640625 0.08203125 0.646484375 0.083984375 0.6484375 0.083984375 0.65234375 0.080078125 0.654296875 0.076171875 0.6640625 0.0703125 0.6640625 0.068359375 0.654296875 0.072265625 0.640625
4 0.25 0.732421875 0.25390625 0.724609375 0.255859375 0.724609375 0.255859375 0.73046875 0.2578125 0.732421875 0.255859375 0.73828125 0.2578125 0.740234375 0.2578125 0.74609375 0.255859375 0.748046875 0.2578125 0.75 0.255859375 0.755859375 0.2578125 0.759765625 0.255859375 0.765625 0.251953125 0.765625 0.25 0.7421875 0.248046875 0.740234375 0.251953125 0.734375
4 0.25 0.76171875 0.25390625 0.767578125 0.2578125 0.765625 0.26171875 0.767578125 0.259765625 0.76953125 0.26171875 0.77734375 0.255859375 0.783203125 0.248046875 0.775390625 0.248046875 0.765625 0.25 0.763671875
4 0.62890625 0.74609375 0.6328125 0.75 0.6328125 0.755859375 0.63671875 0.7578125 0.640625 0.767578125 0.640625 0.775390625 0.634765625 0.775390625 0.630859375 0.771484375 0.626953125 0.7578125 0.626953125 0.75 0.62890625 0.748046875
4 0.619140625 0.72265625 0.62890625 0.724609375 0.63671875 0.732421875 0.63671875 0.73828125 0.638671875 0.740234375 0.63671875 0.7421875 0.63671875 0.748046875 0.638671875 0.75 0.63671875 0.75 0.6328125 0.74609375 0.6328125 0.7421875 0.62890625 0.740234375 0.62890625 0.736328125 0.62109375 0.724609375
4 0.7421875 0.0771484375 0.0234375 0.033203125
4 0.2578125 0.78515625 0.259765625 0.787109375 0.259765625 0.79296875 0.2578125 0.794921875 0.259765625 0.80078125 0.255859375 0.80859375 0.2578125 0.8125 0.25390625 0.8125 0.25 0.80859375 0.251953125 0.806640625 0.25 0.791015625 0.251953125 0.7890625 0.251953125 0.783203125 0.25390625 0.78125 0.255859375 0.78515625
4 0.845703125 0.4609375 0.841796875 0.455078125 0.83984375 0.4453125 0.84765625 0.44140625 0.857421875 0.447265625 0.853515625 0.451171875 0.853515625 0.455078125 0.84765625 0.458984375
4 0.62890625 0.74609375 0.6328125 0.7421875 0.63671875 0.74609375 0.640625 0.7578125 0.640625 0.76953125 0.638671875 0.7734375 0.634765625 0.76171875 0.62890625 0.75390625 0.62890625 0.748046875
4 0.927734375 0.7578125 0.93359375 0.76953125 0.9453125 0.77734375 0.951171875 0.79296875 0.951171875 0.798828125 0.927734375 0.775390625 0.92578125 0.759765625