4 0.662109375 0.861328125 0.66796875 0.861328125 0.669921875 0.869140625 0.673828125 0.873046875 0.673828125 0.87890625 0.662109375 0.87890625 0.66015625 0.875 0.66015625 0.865234375 0.662109375 0.86328125
4 0.869140625 0.62890625 0.873046875 0.6328125 0.8671875 0.646484375 0.865234375 0.6484375 0.857421875 0.6484375 0.8515625 0.65625 0.84765625 0.654296875 0.8515625 0.6484375 0.8515625 0.64453125 0.859375 0.634765625 0.86328125 0.634765625 0.869140625 0.630859375
4 0.892578125 0.412109375 0.896484375 0.412109375 0.900390625 0.41796875 0.896484375 0.423828125 0.896484375 0.4296875 0.888671875 0.43359375 0.88671875 0.431640625 0.88671875 0.419921875 0.892578125 0.4140625
4 0.8359375 0.431640625 0.83984375 0.4375 0.8359375 0.443359375 0.8359375 0.447265625 0.830078125 0.44921875 0.826171875 0.44140625 0.833984375 0.43359375
4 0.74609375 0.81640625 0.75 0.826171875 0.73828125 0.83984375 0.734375 0.83984375 0.732421875 0.830078125 0.73828125 0.8203125 0.744140625 0.81640625
4 0.666015625 0.841796875 0.666015625 0.837890625 0.669921875 0.83203125 0.67578125 0.837890625 0.673828125 0.84375 0.66796875 0.841796875
4 0.8623046875 0.814453125 0.02734375 0.029296875
4 0.662109375 0.48046875 0.6640625 0.482421875 0.6640625 0.48828125 0.662109375 0.490234375 0.6640625 0.498046875 0.66015625 0.5 0.65625 0.49609375 0.65625 0.482421875 0.66015625 0.48046875
4 0.98046875 0.20703125 0.984375 0.2109375 0.984375 0.21875 0.9765625 0.224609375 0.970703125 0.234375 0.966796875 0.234375 0.966796875 0.23046875 0.970703125 0.2265625 0.974609375 0.21484375 0.98046875 0.208984375
4 0.876953125 0.703125 0.873046875 0.724609375 0.87109375 0.720703125 0.865234375 0.72265625 0.857421875 0.720703125 0.857421875 0.716796875 0.861328125 0.71484375 0.861328125 0.708984375 0.865234375 0.70703125 0.8671875 0.701171875 0.873046875 0.701171875 0.875 0.703125
4 0.89453125 0.44140625 0.900390625 0.44140625 0.90234375 0.4453125 0.90234375 0.45703125 0.896484375 0.462890625 0.892578125 0.462890625 0.890625 0.44921875 0.89453125 0.443359375