0 0.853515625 0.544921875 0.01171875 0.01953125
0 0.833984375 0.982421875 0.0224609375 0.02734375
0 0.767578125 0.4853515625 0.0107421875 0.0185546875
0 0.6181640625 0.2138671875 0.0126953125 0.0400390625
0 0.634765625 0.6748046875 0.01171875 0.01953125
0 0.8505859375 0.9619140625 0.0205078125 0.0224609375
0 0.8701171875 0.552734375 0.0126953125 0.0185546875
0 0.123046875 0.83203125 0.0166015625 0.02734375
0 0.751953125 0.4814453125 0.0126953125 0.01953125
0 0.8056640625 0.8623046875 0.0146484375 0.0302734375
0 0.11328125 0.837890625 0.01953125 0.03125