0 0.9384765625 0.904296875 0.013671875 0.02734375
0 0.9892578125 0.8916015625 0.013671875 0.01953125
0 0.984375 0.9169921875 0.013671875 0.029296875
0 0.7021484375 0.0625 0.013671875 0.02734375
0 0.5673828125 0.5791015625 0.013671875 0.017578125
0 0.80078125 0.875 0.013671875 0.02734375
0 0.8818359375 0.6181640625 0.017578125 0.04296875
0 0.970703125 0.6376953125 0.01953125 0.0390625
0 0.9921875 0.61328125 0.015625 0.03125
0 0.970703125 0.669921875 0.01953125 0.03125
0 0.55078125 0.58203125 0.009765625 0.017578125