0 0.279296875 0.1552734375 0.015625 0.025390625
0 0.298828125 0.138671875 0.015625 0.02734375
0 0.1884765625 0.5517578125 0.021484375 0.02734375
0 0.115234375 0.4296875 0.0234375 0.04296875
0 0.1533203125 0.3642578125 0.017578125 0.029296875
0 0.19140625 0.3056640625 0.017578125 0.041015625
0 0.7177734375 0.10546875 0.01953125 0.033203125
1 0.955078125 0.2822265625 0.056640625 0.125
1 0.9755859375 0.3193359375 0.048828125 0.111328125
1 0.9912109375 0.36328125 0.017578125 0.1328125
0 0.3232421875 0.2099609375 0.015625 0.029296875