3 -0.0126953125 0.5615234375 0.0625 0.119140625
4 0.80859375 0.84765625 0.8203125 0.86328125 0.82421875 0.876953125 0.82421875 0.87890625 0.8203125 0.87890625 0.81640625 0.875 0.814453125 0.86328125 0.80859375 0.853515625 0.80859375 0.849609375
4 0.77734375 0.296875 0.78125 0.296875 0.783203125 0.30078125 0.79296875 0.306640625 0.79296875 0.314453125 0.78515625 0.314453125 0.779296875 0.306640625 0.779296875 0.30078125 0.77734375 0.298828125
4 0.69140625 0.083984375 0.017578125 0.0234375
4 0.79296875 0.2421875 0.8046875 0.25 0.8046875 0.255859375 0.806640625 0.2578125 0.8046875 0.26171875 0.794921875 0.255859375 0.791015625 0.25 0.791015625 0.244140625
4 0.306640625 0.66796875 0.302734375 0.662109375 0.302734375 0.6484375 0.3046875 0.64453125 0.310546875 0.640625 0.310546875 0.646484375 0.3125 0.6484375 0.310546875 0.654296875 0.3125 0.65625 0.30859375 0.6640625 0.310546875 0.666015625 0.30859375 0.666015625
4 0.32421875 0.80078125 0.328125 0.80078125 0.328125 0.8046875 0.33203125 0.80859375 0.33203125 0.828125 0.328125 0.830078125 0.32421875 0.82421875 0.32421875 0.810546875 0.326171875 0.80859375 0.32421875 0.802734375
4 0.80078125 0.203125 0.810546875 0.208984375 0.814453125 0.208984375 0.818359375 0.21484375 0.81640625 0.21875 0.806640625 0.21875 0.80078125 0.212890625 0.798828125 0.205078125
4 0.736328125 0.52734375 0.7421875 0.52734375 0.74609375 0.53125 0.740234375 0.544921875 0.734375 0.537109375 0.734375 0.53125 0.736328125 0.529296875
4 0.72265625 0.546875 0.7265625 0.546875 0.73046875 0.55078125 0.73046875 0.5546875 0.734375 0.556640625 0.73046875 0.564453125 0.7265625 0.564453125 0.72265625 0.556640625 0.72265625 0.548828125
4 0.314453125 0.81640625 0.3203125 0.814453125 0.32421875 0.82421875 0.3203125 0.83203125 0.322265625 0.833984375 0.318359375 0.837890625 0.3125 0.82421875 0.31640625 0.818359375
4 0.6279296875 0.0185546875 0.013671875 0.01953125