3 0.21484375 0.3984375 0.21875 0.3984375 0.22265625 0.40625 0.220703125 0.412109375 0.208984375 0.41015625 0.208984375 0.40625 0.21484375 0.400390625
3 0.49609375 0.48046875 0.498046875 0.478515625 0.49609375 0.46484375 0.50390625 0.458984375 0.50390625 0.4765625 0.498046875 0.482421875
3 0.7734375 0.388671875 0.775390625 0.384765625 0.78515625 0.37890625 0.791015625 0.384765625 0.791015625 0.396484375 0.79296875 0.3984375 0.791015625 0.40234375 0.783203125 0.40234375 0.783203125 0.392578125 0.779296875 0.388671875 0.7734375 0.390625
3 0.5161024305555555 0.5365668402777777 0.012934027777777746 0.02777777777777779
3 0.484375 0.498046875 0.486328125 0.5234375 0.482421875 0.525390625 0.4765625 0.515625 0.482421875 0.5
3 0.7734375 0.330078125 0.7734375 0.33984375 0.77734375 0.341796875 0.779296875 0.353515625 0.787109375 0.365234375 0.787109375 0.375 0.78125 0.376953125 0.775390625 0.3671875 0.7734375 0.353515625 0.765625 0.34765625 0.76953125 0.341796875 0.771484375 0.33203125
3 0.7734375 0.330078125 0.7734375 0.337890625 0.779296875 0.34765625 0.779296875 0.357421875 0.765625 0.34765625 0.76953125 0.341796875 0.771484375 0.33203125
3 0.515625 0.923828125 0.51953125 0.921875 0.5234375 0.92578125 0.5234375 0.93359375 0.525390625 0.935546875 0.525390625 0.955078125 0.521484375 0.955078125 0.517578125 0.9453125 0.51953125 0.94140625 0.51953125 0.9296875 0.517578125 0.92578125
3 0.189453125 0.017578125 0.193359375 0.0234375 0.19921875 0.025390625 0.19140625 0.04296875 0.189453125 0.04296875 0.181640625 0.029296875 0.18359375 0.02734375 0.18359375 0.01953125 0.1875 0.017578125
3 0.501953125 0.4921875 0.50390625 0.494140625 0.50390625 0.515625 0.5 0.51171875 0.5 0.494140625
3 0.7808376736111111 0.36834490740740744 0.016666666666666607 0.024016203703703665
3 0.244140625 0.71484375 0.248046875 0.71484375 0.251953125 0.71875 0.251953125 0.72265625 0.244140625 0.73046875 0.234375 0.748046875 0.236328125 0.724609375 0.244140625 0.716796875
3 0.4921875 0.51171875 0.498046875 0.51171875 0.5 0.515625 0.5 0.51953125 0.49609375 0.525390625 0.49609375 0.53125 0.494140625 0.53125 0.490234375 0.525390625 0.4921875 0.5234375 0.4921875 0.517578125 0.490234375 0.515625 0.4921875 0.513671875
3 0.02734375 0.6875 0.033203125 0.685546875 0.0390625 0.689453125 0.0390625 0.697265625 0.033203125 0.705078125 0.02734375 0.703125 0.02734375 0.689453125