0 0.232421875 0.6494140625 0.0185546875 0.0263671875
0 0.18359375 0.4931640625 0.0166015625 0.01953125
0 0.646484375 0.1494140625 0.0185546875 0.0400390625
0 0.1728515625 0.4931640625 0.01171875 0.025390625
0 0.79296875 0.7275390625 0.0126953125 0.02734375
0 0.7998046875 0.7763671875 0.015625 0.02734375
0 0.826171875 0.8037109375 0.0185546875 0.0234375
0 0.7578125 0.984375 0.015625 0.03125
0 0.646484375 0.51171875 0.0107421875 0.0146484375
0 0.66015625 0.5322265625 0.01171875 0.0234375
0 0.859375 0.443359375 0.01171875 0.0205078125