0 0.1142578125 0.533203125 0.017578125 0.029296875
0 0.1171875 0.490234375 0.017578125 0.025390625
0 0.171875 0.75390625 0.01171875 0.02734375
0 0.1640625 0.7314453125 0.01171875 0.01953125
0 0.5068359375 0.3544921875 0.013671875 0.015625
0 0.5224609375 0.353515625 0.013671875 0.017578125
0 0.111328125 0.576171875 0.013671875 0.025390625
0 0.205078125 0.4521484375 0.013671875 0.0234375
0 0.0380859375 0.0556640625 0.017578125 0.025390625
0 0.1259765625 0.7744140625 0.01171875 0.0234375
0 0.099609375 0.9287109375 0.015625 0.041015625