0 0.8662109375 0.966796875 0.0234375 0.017578125
0 0.537109375 0.46484375 0.015625 0.03515625
0 0.775390625 0.26953125 0.013671875 0.02734375
0 0.4931640625 0.0576171875 0.01171875 0.029296875
0 0.513671875 0.44921875 0.017578125 0.044921875
0 0.5224609375 0.484375 0.01953125 0.03515625
0 0.52734375 0.5146484375 0.015625 0.037109375
0 0.2451171875 0.6416015625 0.021484375 0.03515625
0 0.228515625 0.5986328125 0.021484375 0.03125
0 0.2373046875 0.626953125 0.0234375 0.025390625
0 0.0595703125 0.919921875 0.02734375 0.03125