0 0.9462890625 0.8720703125 0.015625 0.025390625
0 0.990234375 0.8740234375 0.015625 0.033203125
0 0.56640625 0.630859375 0.015625 0.01953125
0 0.630859375 0.1494140625 0.013671875 0.02734375
0 0.0439453125 0.4892578125 0.025390625 0.033203125
0 0.5517578125 0.630859375 0.013671875 0.021484375
0 0.859375 0.6162109375 0.015625 0.029296875
0 0.9404296875 0.6171875 0.01953125 0.03515625
0 0.962890625 0.58203125 0.021484375 0.03515625
0 0.951171875 0.6533203125 0.021484375 0.033203125
0 0.939453125 0.1826171875 0.01953125 0.02734375
0 0.953125 0.2353515625 0.015625 0.03515625