0 0.98046875 0.7763671875 0.0166015625 0.021484375
0 0.505859375 0.4873046875 0.01171875 0.0185546875
0 0.4931640625 0.4892578125 0.0126953125 0.0185546875
0 0.978515625 0.7275390625 0.0166015625 0.0166015625
0 0.8984375 0.33984375 0.0126953125 0.03125
0 0.6982421875 0.96484375 0.01171875 0.0263671875
0 0.8603515625 0.32421875 0.0166015625 0.0302734375
0 0.8681640625 0.337890625 0.015625 0.03515625
0 0.982421875 0.6572265625 0.0185546875 0.03515625
0 0.845703125 0.09375 0.009765625 0.0205078125
0 0.8056640625 0.1103515625 0.0087890625 0.017578125
0 0.8505859375 0.1142578125 0.0068359375 0.0166015625