4 0.451171875 0.775390625 0.4453125 0.765625 0.4453125 0.751953125 0.44921875 0.75 0.451171875 0.75390625 0.453125 0.7734375
4 0.453125 0.751953125 0.44921875 0.748046875 0.447265625 0.7265625 0.451171875 0.72265625 0.455078125 0.724609375 0.455078125 0.734375 0.45703125 0.736328125 0.455078125 0.73828125 0.45703125 0.744140625 0.455078125 0.75
4 0.458984375 0.697265625 0.462890625 0.697265625 0.46875 0.71875 0.46875 0.728515625 0.462890625 0.7265625 0.462890625 0.72265625 0.458984375 0.71875 0.4609375 0.712890625 0.458984375 0.7109375 0.458984375 0.705078125 0.4609375 0.703125 0.458984375 0.69921875
4 0.931640625 0.388671875 0.94140625 0.40234375 0.943359375 0.412109375 0.9375 0.412109375 0.923828125 0.40234375 0.923828125 0.390625 0.9296875 0.388671875
4 0.810546875 0.55078125 0.8203125 0.5625 0.8203125 0.568359375 0.826171875 0.578125 0.82421875 0.583984375 0.81640625 0.578125 0.8125 0.56640625 0.80859375 0.5625 0.80859375 0.556640625 0.8046875 0.5546875 0.80859375 0.55078125
4 0.830078125 0.58203125 0.833984375 0.5859375 0.833984375 0.595703125 0.828125 0.6015625 0.82421875 0.599609375 0.82421875 0.595703125 0.8203125 0.591796875 0.8203125 0.587890625 0.828125 0.58203125
4 0.48046875 0.740234375 0.48828125 0.748046875 0.48828125 0.75390625 0.490234375 0.755859375 0.48828125 0.7578125 0.490234375 0.763671875 0.48828125 0.767578125 0.486328125 0.76953125 0.48046875 0.767578125 0.478515625 0.763671875 0.478515625 0.751953125 0.48046875 0.75 0.478515625 0.744140625 0.48046875 0.7421875
4 0.47265625 0.744140625 0.466796875 0.732421875 0.47265625 0.716796875 0.4765625 0.71484375 0.474609375 0.720703125 0.4765625 0.740234375 0.47265625 0.74609375
4 0.0625 0.17578125 0.068359375 0.17578125 0.080078125 0.185546875 0.080078125 0.19140625 0.076171875 0.19921875 0.072265625 0.201171875 0.0625 0.185546875 0.064453125 0.1796875 0.0625 0.177734375
4 0.837890625 0.6015625 0.841796875 0.607421875 0.841796875 0.61328125 0.845703125 0.615234375 0.84765625 0.626953125 0.841796875 0.626953125 0.837890625 0.62109375 0.837890625 0.6171875 0.833984375 0.615234375 0.830078125 0.607421875 0.830078125 0.6015625 0.83203125 0.599609375 0.8359375 0.6015625
4 0.1484375 0.5625 0.15234375 0.564453125 0.15234375 0.5703125 0.15625 0.580078125 0.150390625 0.58203125 0.140625 0.578125 0.138671875 0.572265625 0.146484375 0.564453125
4 0.47265625 0.73828125 0.478515625 0.73828125 0.482421875 0.7421875 0.48046875 0.748046875 0.482421875 0.75 0.482421875 0.763671875 0.484375 0.765625 0.482421875 0.767578125 0.474609375 0.755859375 0.47265625 0.740234375
4 0.216796875 0.884765625 0.220703125 0.88671875 0.220703125 0.892578125 0.224609375 0.8984375 0.224609375 0.904296875 0.21875 0.9140625 0.21875 0.921875 0.212890625 0.93359375 0.2109375 0.90625 0.216796875 0.896484375 0.21484375 0.892578125 0.216796875 0.88671875