0 0.3359375 0.7744140625 0.0234375 0.03515625
0 0.3369140625 0.73828125 0.021484375 0.02734375
0 0.9306640625 0.6708984375 0.037109375 0.041015625
0 0.3369140625 0.8037109375 0.021484375 0.02734375
0 0.962890625 0.26171875 0.025390625 0.04296875
0 0.9423828125 0.2509765625 0.017578125 0.029296875
0 0.9404296875 0.6328125 0.01953125 0.03515625
0 0.8681640625 0.3095703125 0.021484375 0.029296875
0 0.8544921875 0.279296875 0.025390625 0.037109375
0 0.3095703125 0.79296875 0.017578125 0.037109375
0 0.3115234375 0.751953125 0.01953125 0.033203125