4 0.77734375 0.25390625 0.779296875 0.259765625 0.7734375 0.26953125 0.76953125 0.26953125 0.765625 0.265625 0.765625 0.26171875 0.771484375 0.251953125 0.775390625 0.25390625
4 0.87890625 0.658203125 0.8828125 0.662109375 0.8828125 0.666015625 0.87890625 0.671875 0.87109375 0.666015625 0.87109375 0.658203125 0.873046875 0.65625 0.876953125 0.658203125
4 0.919921875 0.697265625 0.91796875 0.685546875 0.921875 0.6796875 0.92578125 0.68359375 0.92578125 0.689453125 0.927734375 0.69140625 0.927734375 0.703125 0.923828125 0.705078125 0.923828125 0.69921875 0.921875 0.697265625
4 0.833984375 0.302734375 0.8359375 0.310546875 0.83984375 0.3125 0.83984375 0.31640625 0.833984375 0.322265625 0.826171875 0.310546875 0.828125 0.3046875 0.83203125 0.302734375
4 0.76953125 0.287109375 0.775390625 0.287109375 0.77734375 0.291015625 0.775390625 0.296875 0.771484375 0.296875 0.76953125 0.294921875 0.76953125 0.2890625
4 0.939453125 0.333984375 0.9453125 0.33984375 0.9453125 0.349609375 0.943359375 0.3515625 0.931640625 0.34375 0.931640625 0.337890625 0.9296875 0.3359375 0.931640625 0.333984375 0.9375 0.333984375
4 0.724609375 0.6015625 0.72265625 0.59765625 0.72265625 0.583984375 0.728515625 0.58203125 0.73046875 0.59375 0.7265625 0.599609375
4 0.9140625 0.494140625 0.923828125 0.494140625 0.9296875 0.5 0.9296875 0.505859375 0.927734375 0.5078125 0.919921875 0.5078125 0.91796875 0.5 0.9140625 0.49609375
4 0.970703125 0.8671875 0.97265625 0.869140625 0.978515625 0.869140625 0.98828125 0.8828125 0.98828125 0.888671875 0.982421875 0.890625 0.98046875 0.880859375 0.970703125 0.869140625
4 0.923828125 0.42578125 0.9296875 0.4296875 0.935546875 0.4296875 0.9375 0.42578125 0.9453125 0.439453125 0.94140625 0.443359375 0.935546875 0.443359375 0.923828125 0.427734375
4 0.92578125 0.65625 0.93359375 0.65625 0.935546875 0.658203125 0.935546875 0.66796875 0.931640625 0.673828125 0.92578125 0.671875 0.92578125 0.658203125