4 0.7890625 0.291015625 0.79296875 0.2890625 0.802734375 0.302734375 0.80078125 0.3125 0.798828125 0.3125 0.79296875 0.306640625 0.7890625 0.29296875
4 0.671875 0.017578125 0.67578125 0.015625 0.681640625 0.021484375 0.68359375 0.02734375 0.681640625 0.029296875 0.68359375 0.03515625 0.671875 0.033203125 0.66796875 0.029296875 0.671875 0.01953125
4 0.7177734375 0.130859375 0.013671875 0.021484375
4 0.771484375 0.34375 0.779296875 0.3515625 0.78125 0.357421875 0.78125 0.36328125 0.775390625 0.36328125 0.76953125 0.357421875 0.771484375 0.345703125
4 0.68359375 0.576171875 0.6875 0.576171875 0.69140625 0.58203125 0.689453125 0.58984375 0.68359375 0.58984375 0.681640625 0.583984375 0.68359375 0.578125
4 0.271484375 0.640625 0.26953125 0.630859375 0.275390625 0.62109375 0.275390625 0.6171875 0.279296875 0.61328125 0.27734375 0.619140625 0.279296875 0.63671875 0.2734375 0.640625
4 0.26171875 0.802734375 0.26171875 0.796875 0.263671875 0.794921875 0.26171875 0.78125 0.263671875 0.775390625 0.26953125 0.783203125 0.26953125 0.796875 0.263671875 0.802734375
4 0.275390625 0.7734375 0.279296875 0.775390625 0.279296875 0.791015625 0.2734375 0.80078125 0.271484375 0.798828125 0.271484375 0.78515625 0.275390625 0.775390625
4 0.6953125 0.556640625 0.69921875 0.5546875 0.705078125 0.556640625 0.703125 0.572265625 0.69921875 0.572265625 0.6953125 0.56640625 0.6953125 0.55859375
4 0.8046875 0.255859375 0.8203125 0.265625 0.8203125 0.26953125 0.814453125 0.2734375 0.806640625 0.267578125 0.8046875 0.2578125
4 0.556640625 0.26171875 0.56640625 0.271484375 0.56640625 0.28125 0.560546875 0.279296875 0.5546875 0.271484375 0.556640625 0.263671875
4 0.720703125 0.869140625 0.724609375 0.869140625 0.724609375 0.875 0.73046875 0.8828125 0.73046875 0.89453125 0.724609375 0.892578125 0.724609375 0.8828125 0.720703125 0.876953125 0.720703125 0.87109375
4 0.66796875 0.05078125 0.669921875 0.056640625 0.669921875 0.064453125 0.66796875 0.06640625 0.6640625 0.064453125 0.6640625 0.056640625 0.662109375 0.0546875 0.666015625 0.05078125