4 0.8486328125 0.564453125 0.017578125 0.017578125
4 0.53515625 0.515625 0.5390625 0.521484375 0.5390625 0.53125 0.541015625 0.533203125 0.53515625 0.537109375 0.533203125 0.54296875 0.529296875 0.541015625 0.533203125 0.533203125 0.53125 0.53125 0.53125 0.51953125 0.533203125 0.517578125
4 0.236328125 0.6328125 0.240234375 0.638671875 0.240234375 0.646484375 0.2421875 0.6484375 0.24609375 0.6484375 0.25 0.64453125 0.25 0.650390625 0.240234375 0.66015625 0.234375 0.658203125 0.23046875 0.65234375 0.228515625 0.638671875 0.234375 0.6328125
4 0.50390625 0.447265625 0.509765625 0.447265625 0.513671875 0.45703125 0.513671875 0.46484375 0.505859375 0.474609375 0.50390625 0.47265625 0.505859375 0.470703125 0.50390625 0.44921875
4 0.544921875 0.466796875 0.546875 0.466796875 0.5546875 0.478515625 0.548828125 0.490234375 0.548828125 0.498046875 0.546875 0.48828125 0.54296875 0.482421875 0.54296875 0.470703125 0.544921875 0.46875
4 0.23828125 0.662109375 0.244140625 0.6640625 0.25 0.673828125 0.251953125 0.68359375 0.259765625 0.6875 0.26171875 0.69140625 0.26171875 0.6953125 0.2578125 0.69921875 0.259765625 0.703125 0.2578125 0.708984375 0.255859375 0.708984375 0.255859375 0.703125 0.25 0.697265625 0.24609375 0.68359375 0.236328125 0.673828125 0.236328125 0.666015625 0.23828125 0.6640625
4 0.25 0.681640625 0.259765625 0.6875 0.26171875 0.69140625 0.2578125 0.708984375 0.255859375 0.708984375 0.255859375 0.703125 0.248046875 0.693359375 0.248046875 0.68359375
4 0.44921875 0.0078125 0.451171875 0.0078125 0.455078125 0.015625 0.45703125 0.021484375 0.455078125 0.033203125 0.4609375 0.04296875 0.4609375 0.044921875 0.45703125 0.041015625 0.453125 0.041015625 0.451171875 0.037109375 0.44921875 0.021484375 0.447265625 0.01953125 0.44921875 0.009765625
4 0.919921875 0.955078125 0.927734375 0.9609375 0.927734375 0.962890625 0.916015625 0.962890625 0.919921875 0.95703125
4 0.52734375 0.505859375 0.52734375 0.498046875 0.5234375 0.486328125 0.525390625 0.48046875 0.52734375 0.48046875 0.53125 0.48828125 0.53125 0.505859375 0.529296875 0.505859375
4 0.2421875 0.66015625 0.251953125 0.6796875 0.248046875 0.68359375 0.23828125 0.677734375 0.236328125 0.673828125 0.236328125 0.662109375 0.240234375 0.66015625
4 0.78515625 0.19921875 0.7890625 0.20703125 0.7890625 0.216796875 0.78515625 0.2265625 0.78125 0.228515625 0.78125 0.236328125 0.7734375 0.232421875 0.771484375 0.2265625 0.78125 0.21484375 0.783203125 0.201171875
4 0.533203125 0.4609375 0.537109375 0.46875 0.5390625 0.484375 0.533203125 0.486328125 0.529296875 0.48046875 0.53125 0.474609375 0.529296875 0.462890625 0.53125 0.462890625