0 0.68359375 0.5390625 0.01171875 0.029296875
0 0.626953125 0.9775390625 0.0126953125 0.0185546875
0 0.8935546875 0.9736328125 0.0126953125 0.0166015625
0 0.5458984375 0.1484375 0.0126953125 0.029296875
0 0.53125 0.1494140625 0.0126953125 0.0263671875
0 0.611328125 0.974609375 0.013671875 0.021484375
0 0.9287109375 0.1318359375 0.0146484375 0.044921875
0 0.9072265625 0.1123046875 0.015625 0.0380859375
0 0.923828125 0.0849609375 0.0126953125 0.0400390625
0 0.990234375 0.5068359375 0.0146484375 0.0341796875
0 0.9931640625 0.4609375 0.013671875 0.0390625
0 0.533203125 0.4453125 0.009765625 0.0126953125
0 0.83203125 0.1201171875 0.0146484375 0.0390625