3 0.927734375 0.267578125 0.9296875 0.2734375 0.92578125 0.27734375 0.912109375 0.27734375 0.908203125 0.28125 0.90234375 0.279296875 0.904296875 0.275390625 0.919921875 0.271484375 0.92578125 0.267578125
3 0.419921875 0.2109375 0.423828125 0.208984375 0.4296875 0.208984375 0.431640625 0.2109375 0.42578125 0.21875 0.412109375 0.21875 0.419921875 0.212890625
3 0.1060763888888889 0.3039351851851852 0.021744791666666666 0.017737268518518534
3 0.203125 0.259765625 0.2109375 0.263671875 0.208984375 0.26953125 0.197265625 0.26953125 0.193359375 0.265625 0.1953125 0.26171875 0.201171875 0.259765625
3 0.83203125 0.705078125 0.853515625 0.70703125 0.853515625 0.7109375 0.833984375 0.7109375 0.83203125 0.712890625 0.828125 0.7109375 0.83203125 0.70703125
3 0.640625 0.298828125 0.64453125 0.30078125 0.64453125 0.3046875 0.640625 0.306640625 0.630859375 0.306640625 0.62890625 0.3046875 0.62890625 0.30078125 0.638671875 0.298828125
3 0.37109375 0.1875 0.373046875 0.189453125 0.37890625 0.189453125 0.380859375 0.193359375 0.375 0.193359375 0.3671875 0.203125 0.361328125 0.19921875 0.357421875 0.201171875 0.35546875 0.197265625 0.359375 0.19140625 0.369140625 0.1875
3 0.84765625 0.69921875 0.849609375 0.703125 0.845703125 0.705078125 0.8203125 0.701171875 0.8203125 0.69921875 0.83203125 0.6953125 0.837890625 0.6953125 0.845703125 0.69921875
3 0.134765625 0.30859375 0.140625 0.310546875 0.138671875 0.318359375 0.130859375 0.318359375 0.12890625 0.31640625 0.12890625 0.3125 0.1328125 0.310546875
3 0.671875 0.6953125 0.68359375 0.6953125 0.6875 0.693359375 0.69921875 0.697265625 0.697265625 0.703125 0.6875 0.703125 0.671875 0.697265625
3 0.337890625 0.171875 0.33984375 0.173828125 0.337890625 0.181640625 0.330078125 0.18359375 0.326171875 0.1875 0.3203125 0.181640625 0.330078125 0.171875 0.3359375 0.171875
3 0.357421875 0.412109375 0.359375 0.4140625 0.357421875 0.41796875 0.3359375 0.42578125 0.330078125 0.423828125 0.330078125 0.421875 0.337890625 0.4140625 0.341796875 0.412109375 0.35546875 0.412109375