3 0.6376953125 1.013671875 0.029296875 0.029296875
3 0.662109375 0.9921875 0.66796875 0.98828125 0.677734375 0.9921875 0.6796875 0.99609375 0.6796875 0.998046875 0.658203125 0.998046875 0.662109375 0.994140625
3 0.689453125 0.998046875 0.6953125 0.990234375 0.701171875 0.990234375 0.703125 0.98828125 0.708984375 0.98828125 0.71484375 0.998046875 0.69140625 0.998046875
3 0.751953125 0.998046875 0.7578125 0.990234375 0.763671875 0.990234375 0.765625 0.98828125 0.7734375 0.990234375 0.775390625 0.998046875 0.75390625 0.998046875
3 0.724609375 0.99609375 0.73828125 0.9921875 0.744140625 0.998046875 0.724609375 0.998046875
3 0.787109375 0.994140625 0.802734375 0.99609375 0.802734375 0.998046875 0.78515625 0.998046875 0.787109375 0.99609375
4 0.2578125 0.216796875 0.251953125 0.212890625 0.25 0.203125 0.255859375 0.19921875 0.26171875 0.201171875 0.263671875 0.208984375 0.26171875 0.2109375 0.26171875 0.216796875 0.259765625 0.21484375
4 0.140625 0.623046875 0.138671875 0.611328125 0.14453125 0.607421875 0.150390625 0.609375 0.150390625 0.6171875 0.142578125 0.623046875
4 0.099609375 0.630859375 0.1015625 0.634765625 0.1015625 0.646484375 0.095703125 0.650390625 0.095703125 0.65625 0.091796875 0.654296875 0.091796875 0.6484375 0.09375 0.646484375 0.091796875 0.64453125 0.09375 0.642578125 0.09375 0.634765625 0.09765625 0.6328125
4 0.1875 0.26171875 0.19140625 0.2578125 0.1953125 0.248046875 0.197265625 0.248046875 0.201171875 0.25390625 0.201171875 0.259765625 0.193359375 0.26953125 0.189453125 0.267578125 0.189453125 0.263671875
4 0.2568359375 0.2431640625 0.01171875 0.015625
4 0.0859375 0.279296875 0.087890625 0.28125 0.095703125 0.28125 0.095703125 0.287109375 0.091796875 0.29296875 0.080078125 0.296875 0.080078125 0.287109375 0.083984375 0.28125
4 0.298828125 0.5546875 0.294921875 0.548828125 0.294921875 0.53515625 0.30078125 0.53515625 0.298828125 0.537109375 0.302734375 0.54296875 0.302734375 0.548828125 0.298828125 0.552734375
4 0.09765625 0.443359375 0.1015625 0.44140625 0.107421875 0.443359375 0.107421875 0.451171875 0.103515625 0.45703125 0.1015625 0.455078125 0.099609375 0.45703125 0.09375 0.455078125 0.09375 0.451171875 0.09765625 0.4453125
4 0.037109375 0.8203125 0.046875 0.8203125 0.037109375 0.830078125 0.037109375 0.8359375 0.033203125 0.841796875 0.02734375 0.83984375 0.03125 0.828125 0.037109375 0.822265625
4 0.0859375 0.375 0.09765625 0.375 0.1015625 0.373046875 0.09375 0.384765625 0.0859375 0.390625 0.080078125 0.388671875 0.080078125 0.3828125 0.0859375 0.376953125
4 0.083984375 0.619140625 0.0859375 0.6171875 0.0859375 0.60546875 0.091796875 0.603515625 0.095703125 0.607421875 0.095703125 0.619140625 0.091796875 0.625 0.0859375 0.62109375