4 0.158203125 0.337890625 0.162109375 0.341796875 0.162109375 0.3515625 0.15625 0.359375 0.15625 0.36328125 0.15234375 0.361328125 0.15234375 0.35546875 0.150390625 0.353515625 0.15625 0.33984375
4 0.21484375 0.0390625 0.21484375 0.041015625 0.208984375 0.04296875 0.205078125 0.041015625 0.212890625 0.041015625
4 0.189453125 0.140625 0.193359375 0.140625 0.19921875 0.14453125 0.201171875 0.150390625 0.19921875 0.15234375 0.19921875 0.158203125 0.193359375 0.16015625 0.1875 0.150390625 0.1875 0.14453125 0.189453125 0.142578125
4 0.19140625 0.38671875 0.1953125 0.388671875 0.1953125 0.39453125 0.19921875 0.40234375 0.193359375 0.408203125 0.193359375 0.412109375 0.1875 0.412109375 0.1875 0.3984375 0.193359375 0.392578125 0.193359375 0.388671875
4 0.34375 0.607421875 0.349609375 0.61328125 0.34765625 0.623046875 0.345703125 0.625 0.33984375 0.623046875 0.33984375 0.611328125 0.341796875 0.609375
4 0.779296875 0.541015625 0.79296875 0.55859375 0.79296875 0.5703125 0.7890625 0.5703125 0.783203125 0.564453125 0.783203125 0.5546875 0.779296875 0.54296875
4 0.8359375 0.70703125 0.83984375 0.712890625 0.83984375 0.72265625 0.84375 0.7265625 0.84375 0.736328125 0.837890625 0.734375 0.8359375 0.7265625 0.83203125 0.72265625 0.833984375 0.708984375
4 0.8203125 0.708984375 0.828125 0.71484375 0.830078125 0.72265625 0.833984375 0.7265625 0.833984375 0.734375 0.828125 0.734375 0.822265625 0.724609375 0.8203125 0.7109375
4 0.326171875 0.591796875 0.330078125 0.59765625 0.328125 0.6015625 0.330078125 0.60546875 0.328125 0.607421875 0.32421875 0.607421875 0.318359375 0.6015625 0.318359375 0.595703125 0.32421875 0.591796875
4 0.13671875 0.3046875 0.138671875 0.30859375 0.134765625 0.322265625 0.130859375 0.326171875 0.126953125 0.326171875 0.123046875 0.32421875 0.12109375 0.318359375 0.134765625 0.306640625
4 0.39453125 0.24609375 0.400390625 0.251953125 0.400390625 0.26171875 0.39453125 0.26953125 0.390625 0.26953125 0.388671875 0.267578125 0.388671875 0.2578125 0.39453125 0.251953125 0.39453125 0.248046875
4 0.380859375 0.923828125 0.384765625 0.92578125 0.384765625 0.931640625 0.3828125 0.93359375 0.384765625 0.951171875 0.380859375 0.955078125 0.376953125 0.947265625 0.376953125 0.939453125 0.37890625 0.9375 0.376953125 0.93359375 0.380859375 0.92578125
4 0.228515625 0.0546875 0.232421875 0.060546875 0.232421875 0.0703125 0.2265625 0.0703125 0.224609375 0.06640625 0.224609375 0.05859375 0.2265625 0.056640625