3 0.51171875 0.78125 0.517578125 0.783203125 0.517578125 0.78515625 0.513671875 0.78515625 0.5078125 0.79296875 0.501953125 0.794921875 0.49609375 0.79296875 0.498046875 0.78515625 0.50390625 0.78125 0.509765625 0.78125
3 0.873046875 0.69921875 0.8828125 0.69921875 0.892578125 0.70703125 0.890625 0.7109375 0.8828125 0.71484375 0.873046875 0.71484375 0.869140625 0.712890625 0.873046875 0.701171875
3 0.767578125 0.73828125 0.7734375 0.7421875 0.7734375 0.748046875 0.771484375 0.75 0.7578125 0.75 0.75390625 0.74609375 0.755859375 0.740234375 0.765625 0.73828125
3 0.033203125 0.185546875 0.0625 0.185546875 0.0625 0.189453125 0.056640625 0.193359375 0.046875 0.193359375 0.033203125 0.189453125 0.033203125 0.1875
3 0.251953125 0.671875 0.255859375 0.66796875 0.26953125 0.66796875 0.271484375 0.673828125 0.265625 0.677734375 0.259765625 0.677734375 0.25390625 0.673828125
3 0.564453125 0.806640625 0.5703125 0.8046875 0.57421875 0.80859375 0.583984375 0.810546875 0.58203125 0.814453125 0.572265625 0.8203125 0.556640625 0.8203125 0.552734375 0.81640625 0.560546875 0.814453125 0.564453125 0.80859375
3 0.052734375 0.193359375 0.05859375 0.197265625 0.072265625 0.201171875 0.072265625 0.205078125 0.064453125 0.205078125 0.0625 0.203125 0.05078125 0.205078125 0.044921875 0.203125 0.0390625 0.19921875 0.0390625 0.1953125 0.041015625 0.193359375 0.05078125 0.193359375
3 0.845703125 0.6875 0.853515625 0.69140625 0.84765625 0.697265625 0.837890625 0.6953125 0.837890625 0.69140625 0.84375 0.6875
3 0.23828125 0.2109375 0.244140625 0.212890625 0.24609375 0.216796875 0.240234375 0.216796875 0.23828125 0.21484375 0.216796875 0.21484375 0.212890625 0.2109375 0.216796875 0.205078125 0.2265625 0.205078125 0.236328125 0.2109375
3 0.6171875 0.828125 0.623046875 0.830078125 0.623046875 0.833984375 0.615234375 0.841796875 0.607421875 0.845703125 0.6015625 0.84375 0.59765625 0.837890625 0.607421875 0.830078125 0.615234375 0.828125
3 0.62109375 0.552734375 0.625 0.556640625 0.607421875 0.56640625 0.591796875 0.56640625 0.58984375 0.560546875 0.59375 0.556640625 0.59765625 0.55859375 0.607421875 0.552734375 0.61328125 0.552734375 0.615234375 0.55078125 0.619140625 0.552734375