0 0.357421875 0.0087890625 0.01171875 0.017578125
0 0.8232421875 0.53125 0.021484375 0.0341796875
0 0.798828125 0.4638671875 0.017578125 0.0224609375
0 0.337890625 0.1337890625 0.0126953125 0.0361328125
0 0.7216796875 0.2578125 0.01171875 0.0224609375
0 0.7412109375 0.625 0.0166015625 0.0224609375
0 0.70703125 0.2421875 0.0146484375 0.0205078125
0 0.7177734375 0.017578125 0.013671875 0.0341796875
0 0.9931640625 0.896484375 0.013671875 0.0234375
1 0.1005859375 0.248046875 0.04296875 0.0947265625
1 0.0732421875 0.2802734375 0.037109375 0.0966796875
1 0.0361328125 0.2998046875 0.0390625 0.107421875
1 0.01171875 0.3271484375 0.0224609375 0.0986328125