0 0.115234375 0.6494140625 0.013671875 0.025390625
0 0.1005859375 0.412109375 0.0234375 0.029296875
0 0.171875 0.6416015625 0.015625 0.02734375
1 0.693359375 0.9833984375 0.03125 0.033203125
1 0.7255859375 0.974609375 0.037109375 0.05078125
1 0.7587890625 0.9736328125 0.037109375 0.052734375
1 0.791015625 0.97265625 0.03515625 0.0546875
1 0.8212890625 0.9658203125 0.041015625 0.068359375
1 0.8525390625 0.9697265625 0.037109375 0.060546875
0 0.1962890625 0.27734375 0.0234375 0.03125
0 0.091796875 0.322265625 0.02734375 0.03125
0 0.0712890625 0.869140625 0.01953125 0.0390625
0 0.115234375 0.4814453125 0.017578125 0.0234375