4 0.7734375 0.634765625 0.78125 0.640625 0.77734375 0.6484375 0.7734375 0.650390625 0.76953125 0.646484375 0.767578125 0.638671875 0.771484375 0.63671875
4 0.486328125 0.568359375 0.490234375 0.56640625 0.4921875 0.55078125 0.494140625 0.548828125 0.498046875 0.55078125 0.49609375 0.556640625 0.498046875 0.5625 0.49609375 0.56640625 0.490234375 0.572265625 0.486328125 0.5703125
4 0.197265625 0.607421875 0.203125 0.607421875 0.203125 0.6171875 0.208984375 0.623046875 0.212890625 0.62109375 0.212890625 0.625 0.201171875 0.6328125 0.1953125 0.625 0.1953125 0.615234375 0.193359375 0.61328125 0.197265625 0.609375
4 0.4765625 0.484375 0.48046875 0.478515625 0.484375 0.48046875 0.484375 0.498046875 0.474609375 0.50390625 0.478515625 0.494140625 0.4765625 0.490234375 0.478515625 0.486328125
4 0.51171875 0.505859375 0.517578125 0.509765625 0.517578125 0.521484375 0.51171875 0.533203125 0.51171875 0.5234375 0.509765625 0.521484375 0.51171875 0.5078125
4 0.19921875 0.634765625 0.203125 0.634765625 0.20703125 0.640625 0.208984375 0.65625 0.216796875 0.6640625 0.216796875 0.66796875 0.212890625 0.671875 0.212890625 0.677734375 0.20703125 0.6796875 0.208984375 0.671875 0.203125 0.6640625 0.203125 0.654296875 0.197265625 0.64453125 0.197265625 0.638671875 0.19921875 0.63671875
4 0.20703125 0.654296875 0.216796875 0.6640625 0.216796875 0.669921875 0.212890625 0.671875 0.212890625 0.677734375 0.20703125 0.6796875 0.208984375 0.671875 0.203125 0.6640625 0.203125 0.65625 0.205078125 0.65625
4 0.5 0.068359375 0.5 0.072265625 0.50390625 0.078125 0.50390625 0.083984375 0.5 0.091796875 0.50390625 0.09765625 0.50390625 0.103515625 0.49609375 0.095703125 0.498046875 0.0703125
4 0.4921875 0.515625 0.494140625 0.515625 0.49609375 0.521484375 0.49609375 0.533203125 0.4921875 0.5390625 0.490234375 0.537109375 0.4921875 0.517578125
4 0.203125 0.6328125 0.203125 0.63671875 0.208984375 0.64453125 0.208984375 0.654296875 0.203125 0.654296875 0.197265625 0.646484375 0.197265625 0.634765625 0.201171875 0.6328125
4 0.7734375 0.298828125 0.77734375 0.298828125 0.775390625 0.30078125 0.77734375 0.302734375 0.775390625 0.3203125 0.767578125 0.326171875 0.765625 0.33203125 0.7578125 0.32421875 0.765625 0.31640625 0.7734375 0.30078125
4 0.5 0.498046875 0.50390625 0.5 0.50390625 0.5078125 0.505859375 0.509765625 0.50390625 0.51953125 0.498046875 0.51953125 0.49609375 0.517578125 0.5 0.5
4 0.98046875 0.35546875 0.982421875 0.357421875 0.982421875 0.375 0.9765625 0.375 0.970703125 0.37109375 0.97265625 0.359375 0.978515625 0.35546875