4 0.126953125 0.3828125 0.126953125 0.37890625 0.1328125 0.369140625 0.138671875 0.37109375 0.140625 0.380859375 0.130859375 0.384765625 0.12890625 0.3828125
4 0.4453125 0.4140625 0.439453125 0.3984375 0.447265625 0.388671875 0.451171875 0.390625 0.447265625 0.39453125 0.44921875 0.400390625 0.44921875 0.412109375 0.447265625 0.4140625
4 0.734375 0.259765625 0.744140625 0.26953125 0.744140625 0.27734375 0.74609375 0.279296875 0.744140625 0.287109375 0.73828125 0.287109375 0.734375 0.28125 0.734375 0.275390625 0.732421875 0.2734375 0.7265625 0.275390625 0.724609375 0.2734375 0.7265625 0.267578125 0.734375 0.26171875
4 0.4765625 0.45703125 0.4765625 0.455078125 0.478515625 0.45703125 0.4765625 0.458984375 0.4765625 0.470703125 0.48046875 0.4765625 0.48046875 0.48046875 0.474609375 0.482421875 0.470703125 0.4765625 0.46875 0.462890625 0.474609375 0.458984375
4 0.43359375 0.43359375 0.435546875 0.43359375 0.435546875 0.4453125 0.439453125 0.44921875 0.439453125 0.4609375 0.4375 0.462890625 0.43359375 0.4609375 0.4296875 0.453125 0.4296875 0.4453125 0.43359375 0.435546875
4 0.71484375 0.2109375 0.716796875 0.212890625 0.716796875 0.21875 0.724609375 0.224609375 0.724609375 0.234375 0.736328125 0.24609375 0.736328125 0.251953125 0.73828125 0.25390625 0.732421875 0.259765625 0.724609375 0.25 0.72265625 0.240234375 0.71484375 0.232421875 0.7109375 0.232421875 0.7109375 0.224609375 0.71484375 0.212890625
4 0.724609375 0.224609375 0.724609375 0.23828125 0.720703125 0.23828125 0.71875 0.234375 0.7109375 0.232421875 0.71484375 0.2109375 0.716796875 0.212890625 0.716796875 0.21875 0.72265625 0.224609375
4 0.537109375 0.880859375 0.544921875 0.884765625 0.55078125 0.90625 0.548828125 0.916015625 0.546875 0.916015625 0.541015625 0.90625 0.54296875 0.892578125 0.537109375 0.8828125
4 0.455078125 0.44921875 0.451171875 0.443359375 0.451171875 0.431640625 0.44921875 0.4296875 0.451171875 0.423828125 0.453125 0.423828125 0.453125 0.4296875 0.45703125 0.435546875 0.45703125 0.4453125 0.458984375 0.447265625 0.45703125 0.44921875
4 0.728515625 0.23828125 0.736328125 0.24609375 0.736328125 0.251953125 0.73828125 0.25390625 0.73828125 0.2578125 0.732421875 0.26171875 0.73046875 0.255859375 0.72265625 0.24609375 0.72265625 0.240234375 0.7265625 0.23828125
4 0.2109375 0.701171875 0.216796875 0.701171875 0.220703125 0.705078125 0.220703125 0.7109375 0.21484375 0.716796875 0.21484375 0.72265625 0.208984375 0.73828125 0.205078125 0.712890625 0.2109375 0.708984375 0.212890625 0.703125
4 0.44921875 0.4453125 0.453125 0.447265625 0.453125 0.466796875 0.44921875 0.466796875 0.4453125 0.462890625 0.443359375 0.447265625 0.447265625 0.4453125