0 0.6708984375 0.7568359375 0.015625 0.037109375
0 0.6796875 0.9169921875 0.015625 0.0390625
0 0.1259765625 0.4287109375 0.017578125 0.033203125
0 0.2373046875 0.9814453125 0.017578125 0.037109375
0 0.669921875 0.91796875 0.01171875 0.0390625
0 0.189453125 0.25 0.01171875 0.03515625
0 0.103515625 0.384765625 0.015625 0.03515625
0 0.1513671875 0.4931640625 0.013671875 0.03125
0 0.25 0.6982421875 0.015625 0.021484375
0 0.234375 0.681640625 0.01171875 0.01171875
1 0.94921875 0.615234375 0.05078125 0.115234375
1 0.978515625 0.57421875 0.04296875 0.11328125