4 0.107421875 0.62890625 0.12109375 0.642578125 0.12109375 0.65234375 0.1171875 0.654296875 0.109375 0.646484375 0.109375 0.642578125 0.10546875 0.638671875 0.107421875 0.630859375
4 0.234375 0.939453125 0.24609375 0.94140625 0.25 0.9453125 0.25 0.951171875 0.24609375 0.958984375 0.240234375 0.9609375 0.234375 0.953125 0.234375 0.94140625
4 0.1953125 0.82421875 0.19921875 0.82421875 0.201171875 0.830078125 0.205078125 0.83203125 0.203125 0.841796875 0.201171875 0.84375 0.1953125 0.84375 0.19140625 0.83984375 0.19140625 0.830078125 0.1953125 0.826171875
4 0.13671875 0.572265625 0.14453125 0.58203125 0.142578125 0.59765625 0.140625 0.59765625 0.138671875 0.58984375 0.130859375 0.58203125 0.130859375 0.572265625 0.134765625 0.572265625
4 0.236328125 0.322265625 0.2421875 0.322265625 0.24609375 0.328125 0.24609375 0.3359375 0.2421875 0.33984375 0.236328125 0.333984375 0.236328125 0.32421875
4 0.697265625 0.275390625 0.703125 0.2734375 0.70703125 0.283203125 0.6953125 0.306640625 0.6953125 0.30078125 0.697265625 0.298828125 0.6953125 0.279296875 0.697265625 0.27734375
4 0.7158203125 0.109375 0.013671875 0.033203125
4 0.703125 0.09765625 0.70703125 0.09765625 0.708984375 0.1015625 0.70703125 0.103515625 0.70703125 0.1171875 0.701171875 0.126953125 0.69921875 0.125 0.697265625 0.111328125 0.69921875 0.109375 0.69921875 0.103515625 0.703125 0.099609375
4 0.22265625 0.34375 0.2265625 0.34375 0.23046875 0.3515625 0.23046875 0.357421875 0.2265625 0.361328125 0.220703125 0.359375 0.21875 0.349609375 0.22265625 0.345703125
4 0.0966796875 0.6826171875 0.021484375 0.025390625
4 0.37109375 0.66796875 0.380859375 0.677734375 0.380859375 0.689453125 0.376953125 0.69140625 0.3671875 0.6796875 0.3671875 0.671875 0.369140625 0.669921875
4 0.2548828125 0.9150390625 0.01171875 0.01953125