4 0.60546875 0 0.603515625 0.015625 0.599609375 0.015625 0.599609375 0.001953125 0.603515625 0
4 0.548828125 0.314453125 0.55078125 0.30859375 0.556640625 0.3046875 0.560546875 0.3125 0.556640625 0.330078125 0.552734375 0.326171875 0.55078125 0.31640625
4 0.5576171875 0.341796875 0.0068359375 0.0283203125
4 0.560546875 0.353515625 0.564453125 0.357421875 0.564453125 0.369140625 0.560546875 0.375 0.560546875 0.37890625 0.55859375 0.37890625 0.55859375 0.35546875
4 0.57421875 0.328125 0.576171875 0.330078125 0.576171875 0.3515625 0.5703125 0.349609375 0.5703125 0.333984375 0.572265625 0.330078125
4 0.25390625 0.408203125 0.259765625 0.41796875 0.263671875 0.419921875 0.26171875 0.427734375 0.265625 0.43359375 0.265625 0.44140625 0.259765625 0.439453125 0.25390625 0.42578125 0.25390625 0.41015625
4 0.255859375 0.421875 0.26171875 0.42578125 0.265625 0.43359375 0.265625 0.44140625 0.26171875 0.44140625 0.25390625 0.42578125 0.255859375 0.423828125
4 0.1015625 0.564453125 0.10546875 0.564453125 0.115234375 0.578125 0.115234375 0.583984375 0.109375 0.5859375 0.099609375 0.5703125 0.1015625 0.56640625
4 0.251953125 0.388671875 0.0166015625 0.02734375
4 0.796875 0.8623046875 0.015625 0.0244140625
4 0.255859375 0.41015625 0.26171875 0.41796875 0.265625 0.41796875 0.265625 0.421875 0.26171875 0.42578125 0.255859375 0.423828125 0.25390625 0.421875 0.25390625 0.412109375
4 0.58203125 0.30859375 0.5859375 0.3203125 0.583984375 0.3359375 0.580078125 0.333984375 0.580078125 0.328125 0.578125 0.326171875 0.578125 0.310546875 0.580078125 0.310546875
4 0.80078125 0.513671875 0.810546875 0.51953125 0.810546875 0.5234375 0.8046875 0.529296875 0.80078125 0.529296875 0.796875 0.521484375 0.798828125 0.515625
4 0.8056640625 0.2255859375 0.0185546875 0.03515625