0 0.2568359375 0.3505859375 0.0234375 0.037109375
0 0.2119140625 0.205078125 0.0234375 0.037109375
0 0.67578125 0.30859375 0.017578125 0.0234375
0 0.8359375 0.5185546875 0.021484375 0.03515625
0 0.6552734375 0.296875 0.015625 0.021484375
0 0.865234375 0.552734375 0.025390625 0.033203125
0 0.8154296875 0.69921875 0.025390625 0.03125
0 0.796875 0.466796875 0.01953125 0.02734375
1 0.0322265625 0.548828125 0.064453125 0.09765625
1 0.021484375 0.5927734375 0.04296875 0.099609375
0 0.6025390625 0.0283203125 0.01953125 0.041015625