4 0.8671875 0.283203125 0.87109375 0.283203125 0.875 0.287109375 0.875 0.298828125 0.869140625 0.30078125 0.865234375 0.296875 0.865234375 0.287109375 0.8671875 0.28515625
4 0.779296875 0.6875 0.787109375 0.689453125 0.791015625 0.6953125 0.791015625 0.701171875 0.78515625 0.703125 0.779296875 0.69921875 0.77734375 0.693359375 0.779296875 0.689453125
4 0.83203125 0.6484375 0.830078125 0.63671875 0.833984375 0.62890625 0.83984375 0.6328125 0.837890625 0.646484375 0.833984375 0.6484375
4 0.9375 0.58984375 0.939453125 0.591796875 0.9375 0.6015625 0.9296875 0.607421875 0.923828125 0.60546875 0.9296875 0.595703125 0.935546875 0.591796875
4 0.880859375 0.0703125 0.884765625 0.072265625 0.8828125 0.091796875 0.876953125 0.091796875 0.875 0.09375 0.87890625 0.08203125 0.876953125 0.080078125 0.880859375 0.072265625
4 0.91015625 0.5 0.9140625 0.5 0.919921875 0.50390625 0.919921875 0.5078125 0.916015625 0.513671875 0.91015625 0.51953125 0.904296875 0.521484375 0.90234375 0.51953125 0.90625 0.51171875 0.90625 0.505859375 0.91015625 0.501953125
4 0.861328125 0.255859375 0.86328125 0.259765625 0.861328125 0.275390625 0.85546875 0.2734375 0.85546875 0.263671875 0.857421875 0.2578125 0.859375 0.2578125
3 0.251953125 0.015625 0.265625 0.015625 0.26171875 0.01953125 0.25390625 0.01953125 0.251953125 0.017578125
3 0.216796875 0.017578125 0.23828125 0.017578125 0.236328125 0.0234375 0.232421875 0.025390625 0.22265625 0.025390625 0.216796875 0.01953125
3 0.154296875 0.0234375 0.15234375 0.029296875 0.14453125 0.033203125 0.1328125 0.03125 0.130859375 0.025390625 0.134765625 0.0234375 0.15234375 0.0234375
3 0.19140625 0.01953125 0.20703125 0.01953125 0.201171875 0.025390625 0.19140625 0.025390625 0.19140625 0.021484375
3 0.181640625 0.021484375 0.181640625 0.02734375 0.17578125 0.033203125 0.162109375 0.033203125 0.16015625 0.0234375 0.162109375 0.021484375 0.1796875 0.021484375