0 0.8447265625 0.29296875 0.0107421875 0.0234375
0 0.880859375 0.51171875 0.01953125 0.0263671875
0 0.7919921875 0.3056640625 0.01171875 0.025390625
1 0.271484375 0.0263671875 0.0234375 0.0517578125
1 0.2431640625 0.0361328125 0.02734375 0.072265625
1 0.2099609375 0.0390625 0.02734375 0.078125
1 0.1796875 0.041015625 0.0234375 0.08203125
1 0.1513671875 0.048828125 0.029296875 0.09765625
1 0.1240234375 0.0517578125 0.0263671875 0.08203125
0 0.8046875 0.6474609375 0.0185546875 0.0283203125
0 0.8984375 0.5947265625 0.0224609375 0.0263671875
0 0.8642578125 0.0830078125 0.015625 0.03515625
0 0.861328125 0.44921875 0.0146484375 0.0205078125