0 0.6328125 0.1982421875 0.017578125 0.025390625
0 0.5244140625 0.95703125 0.015625 0.03515625
0 0.5107421875 0.955078125 0.017578125 0.03515625
0 0.5283203125 0.6689453125 0.013671875 0.01953125
0 0.6328125 0.8154296875 0.021484375 0.03515625
0 0.5107421875 0.6689453125 0.013671875 0.01953125
0 0.986328125 0.6220703125 0.013671875 0.04296875
0 0.884765625 0.98828125 0.015625 0.0234375
0 0.900390625 0.9892578125 0.01171875 0.021484375
0 0.9853515625 0.66796875 0.009765625 0.041015625
0 0.6806640625 0.607421875 0.013671875 0.041015625
0 0.896484375 0.166015625 0.015625 0.029296875