0 0.630859375 0.765625 0.01953125 0.0302734375
0 0.6337890625 0.7314453125 0.0185546875 0.025390625
0 0.0849609375 0.6103515625 0.03125 0.0361328125
0 0.626953125 0.79296875 0.017578125 0.025390625
0 0.095703125 0.2255859375 0.01953125 0.0390625
0 0.1162109375 0.2177734375 0.013671875 0.0263671875
0 0.080078125 0.57421875 0.015625 0.0322265625
0 0.1796875 0.2802734375 0.017578125 0.025390625
0 0.1962890625 0.2529296875 0.0205078125 0.033203125
0 0.6533203125 0.78515625 0.013671875 0.0341796875
0 0.6552734375 0.7470703125 0.015625 0.029296875