0 0.416015625 0.69921875 0.013671875 0.0263671875
0 0.296875 0.279296875 0.0107421875 0.021484375
0 0.96875 0.318359375 0.01171875 0.0224609375
0 0.96875 0.2919921875 0.0126953125 0.025390625
0 0.208984375 0.94140625 0.0146484375 0.0224609375
0 0.3876953125 0.6884765625 0.01171875 0.0205078125
0 0.4248046875 0.7333984375 0.0107421875 0.025390625
0 0.44140625 0.728515625 0.013671875 0.0224609375
0 0.4365234375 0.765625 0.0146484375 0.0224609375
0 0.1943359375 0.90234375 0.021484375 0.02734375
0 0.201171875 0.923828125 0.0185546875 0.0205078125
0 0.8369140625 0.322265625 0.01171875 0.0302734375