4 0.6484375 0.125 0.650390625 0.09765625 0.654296875 0.09375 0.658203125 0.09765625 0.65625 0.109375 0.65234375 0.115234375 0.65234375 0.123046875 0.6484375 0.126953125
4 0.765625 0.658203125 0.765625 0.66796875 0.75390625 0.6796875 0.75390625 0.66796875 0.763671875 0.658203125
4 0.7216796875 0.9130859375 0.013671875 0.021484375
4 0.7861328125 0.71875 0.013671875 0.0234375
4 0.201171875 0.4296875 0.205078125 0.4375 0.20703125 0.455078125 0.203125 0.455078125 0.1953125 0.443359375 0.1953125 0.431640625 0.19921875 0.4296875
4 0.1796875 0.26171875 0.185546875 0.26953125 0.185546875 0.27734375 0.1875 0.279296875 0.185546875 0.291015625 0.181640625 0.29296875 0.1796875 0.2890625 0.177734375 0.263671875
4 0.8125 0.748046875 0.814453125 0.75 0.8125 0.7578125 0.80078125 0.765625 0.796875 0.763671875 0.796875 0.755859375 0.80078125 0.75 0.810546875 0.748046875
4 0.65625 0.443359375 0.6640625 0.453125 0.6640625 0.458984375 0.66015625 0.462890625 0.654296875 0.4609375 0.654296875 0.4453125
4 0.640625 0.42578125 0.646484375 0.431640625 0.642578125 0.443359375 0.640625 0.4453125 0.63671875 0.443359375 0.63671875 0.4296875 0.638671875 0.427734375
4 0.166015625 0.259765625 0.171875 0.26171875 0.17578125 0.271484375 0.17578125 0.279296875 0.169921875 0.28125 0.1640625 0.26953125 0.166015625 0.26171875
4 0.67578125 0.986328125 0.677734375 0.98828125 0.677734375 0.998046875 0.671875 0.998046875 0.671875 0.98828125 0.673828125 0.98828125