3 0.615234375 0.25 0.6171875 0.25 0.6171875 0.25390625 0.62109375 0.2578125 0.619140625 0.2734375 0.615234375 0.2734375 0.61328125 0.267578125 0.61328125 0.26171875 0.615234375 0.259765625 0.61328125 0.255859375 0.615234375 0.251953125
3 0.60546875 0.287109375 0.607421875 0.28515625 0.607421875 0.271484375 0.611328125 0.26953125 0.61328125 0.271484375 0.61328125 0.28515625 0.615234375 0.2890625 0.611328125 0.29296875 0.607421875 0.29296875 0.607421875 0.2890625
3 0.595703125 0.28515625 0.599609375 0.2890625 0.599609375 0.30859375 0.59765625 0.314453125 0.59375 0.3125 0.59375 0.287109375
3 0.12890625 0.451171875 0.13671875 0.453125 0.14453125 0.4609375 0.142578125 0.47265625 0.13671875 0.47265625 0.130859375 0.462890625 0.12890625 0.453125
3 0.259765625 0.328125 0.263671875 0.33203125 0.263671875 0.3359375 0.26953125 0.345703125 0.271484375 0.361328125 0.26953125 0.36328125 0.263671875 0.35546875 0.26171875 0.341796875 0.2578125 0.337890625 0.2578125 0.330078125
3 0.25390625 0.330078125 0.25390625 0.31640625 0.2578125 0.3125 0.263671875 0.31640625 0.263671875 0.322265625 0.265625 0.32421875 0.255859375 0.330078125
3 0.5859375 0.2734375 0.58203125 0.267578125 0.58203125 0.259765625 0.580078125 0.2578125 0.58203125 0.25 0.5859375 0.24609375 0.58984375 0.25 0.58984375 0.255859375 0.591796875 0.2578125 0.587890625 0.263671875 0.587890625 0.271484375
3 0.59375 0.267578125 0.59375 0.28515625 0.595703125 0.287109375 0.591796875 0.29296875 0.5859375 0.294921875 0.591796875 0.26953125
3 0.857421875 0.828125 0.86328125 0.83984375 0.86328125 0.845703125 0.865234375 0.84765625 0.86328125 0.8515625 0.859375 0.8515625 0.849609375 0.841796875 0.849609375 0.837890625 0.85546875 0.830078125
3 0.248046875 0.287109375 0.251953125 0.2890625 0.25390625 0.298828125 0.2578125 0.3046875 0.2578125 0.310546875 0.255859375 0.3125 0.251953125 0.310546875 0.248046875 0.302734375 0.248046875 0.29296875 0.24609375 0.291015625 0.248046875 0.2890625
3 0.85234375 0.4926215277777778 0.01692708333333337 0.0197627314814815
3 0.587890625 0.248046875 0.59375 0.2578125 0.59375 0.2734375 0.591796875 0.275390625 0.5859375 0.2734375 0.587890625 0.25
3 0.849609375 0.169921875 0.8515625 0.173828125 0.849609375 0.189453125 0.841796875 0.1953125 0.841796875 0.205078125 0.837890625 0.20703125 0.833984375 0.193359375 0.84375 0.181640625 0.84375 0.177734375 0.84765625 0.171875