0 0.64453125 0.5 0.0107421875 0.01953125
0 0.2353515625 0.6181640625 0.0185546875 0.0244140625
0 0.1787109375 0.4677734375 0.0126953125 0.0263671875
0 0.822265625 0.78515625 0.01953125 0.0224609375
0 0.7958984375 0.75390625 0.0146484375 0.0263671875
0 0.1923828125 0.4677734375 0.01171875 0.0263671875
0 0.6474609375 0.138671875 0.0166015625 0.041015625
0 0.8564453125 0.4287109375 0.01171875 0.017578125
0 0.9228515625 0.2666015625 0.01171875 0.0224609375
0 0.7880859375 0.708984375 0.013671875 0.0234375
0 0.6591796875 0.51171875 0.0126953125 0.0185546875
0 0.7548828125 0.9599609375 0.017578125 0.0224609375