0 0.8828125 0.435546875 0.0146484375 0.02734375
0 0.8837890625 0.4775390625 0.0166015625 0.0244140625
0 0.810546875 0.2216796875 0.0107421875 0.0263671875
0 0.8203125 0.2431640625 0.009765625 0.0185546875
0 0.5068359375 0.638671875 0.01171875 0.015625
0 0.4931640625 0.640625 0.0126953125 0.017578125
0 0.8828125 0.3916015625 0.0126953125 0.0244140625
0 0.798828125 0.521484375 0.0126953125 0.0234375
0 0.9921875 0.9013671875 0.015625 0.0234375
0 0.8544921875 0.1982421875 0.009765625 0.0224609375
0 0.869140625 0.0439453125 0.0126953125 0.0390625