4 0.4453125 0.16796875 0.447265625 0.173828125 0.4453125 0.193359375 0.44140625 0.193359375 0.44140625 0.171875 0.443359375 0.169921875
4 0.4521484375 0.203125 0.013671875 0.029296875
4 0.462890625 0.2109375 0.466796875 0.2109375 0.466796875 0.236328125 0.46484375 0.240234375 0.4609375 0.23828125 0.4609375 0.21484375 0.462890625 0.212890625
4 0.953125 0.4453125 0.955078125 0.44921875 0.953125 0.451171875 0.953125 0.45703125 0.94921875 0.458984375 0.9453125 0.46875 0.94140625 0.46875 0.9375 0.46484375 0.9375 0.458984375 0.939453125 0.453125 0.9453125 0.451171875 0.951171875 0.4453125
4 0.806640625 0.333984375 0.806640625 0.32421875 0.810546875 0.318359375 0.814453125 0.302734375 0.818359375 0.298828125 0.822265625 0.30078125 0.8203125 0.302734375 0.818359375 0.3203125 0.80859375 0.333984375
4 0.818359375 0.283203125 0.822265625 0.283203125 0.828125 0.291015625 0.826171875 0.30078125 0.822265625 0.30078125 0.814453125 0.29296875 0.818359375 0.28515625
4 0.478515625 0.169921875 0.482421875 0.177734375 0.482421875 0.189453125 0.478515625 0.197265625 0.474609375 0.197265625 0.474609375 0.1875 0.47265625 0.185546875 0.47265625 0.171875 0.4765625 0.169921875
4 0.46875 0.193359375 0.47265625 0.19921875 0.47265625 0.20703125 0.474609375 0.208984375 0.47265625 0.21484375 0.4765625 0.220703125 0.4765625 0.22265625 0.470703125 0.220703125 0.46875 0.212890625 0.46484375 0.2109375 0.466796875 0.197265625 0.46875 0.1953125
4 0.1640625 0.759765625 0.16796875 0.759765625 0.173828125 0.767578125 0.173828125 0.771484375 0.16015625 0.78515625 0.158203125 0.771484375 0.1640625 0.76171875
4 0.83203125 0.255859375 0.8359375 0.255859375 0.8359375 0.265625 0.83203125 0.26953125 0.830078125 0.28125 0.82421875 0.283203125 0.822265625 0.279296875 0.82421875 0.26953125 0.83203125 0.2578125
4 0.18359375 0.408203125 0.177734375 0.400390625 0.1875 0.390625 0.193359375 0.390625 0.193359375 0.3984375 0.189453125 0.408203125 0.185546875 0.408203125
4 0.47265625 0.171875 0.4765625 0.171875 0.474609375 0.173828125 0.4765625 0.1796875 0.4765625 0.197265625 0.47265625 0.201171875 0.46875 0.197265625 0.47265625 0.173828125
4 0.201171875 0.052734375 0.20703125 0.060546875 0.20703125 0.068359375 0.216796875 0.080078125 0.212890625 0.087890625 0.212890625 0.09375 0.2109375 0.095703125 0.208984375 0.09375 0.20703125 0.08203125 0.201171875 0.076171875 0.201171875 0.06640625 0.19921875 0.064453125 0.201171875 0.0625 0.201171875 0.0546875