3 0.689453125 0.078125 0.693359375 0.078125 0.6953125 0.08203125 0.689453125 0.103515625 0.685546875 0.10546875 0.685546875 0.095703125 0.6875 0.09375 0.689453125 0.080078125
3 0.779296875 0.5546875 0.78125 0.560546875 0.7734375 0.57421875 0.771484375 0.57421875 0.771484375 0.560546875 0.77734375 0.556640625
3 0.712890625 0.869140625 0.71484375 0.873046875 0.712890625 0.88671875 0.70703125 0.888671875 0.701171875 0.880859375 0.701171875 0.875 0.705078125 0.87109375 0.7109375 0.87109375
3 0.740234375 0.7734375 0.744140625 0.77734375 0.744140625 0.787109375 0.7421875 0.7890625 0.73828125 0.7890625 0.734375 0.78515625 0.734375 0.775390625 0.73828125 0.7734375
3 0.271484375 0.1796875 0.275390625 0.1796875 0.275390625 0.185546875 0.27734375 0.1875 0.27734375 0.19921875 0.275390625 0.203125 0.271484375 0.203125 0.271484375 0.181640625
3 0.677734375 0.35546875 0.681640625 0.357421875 0.681640625 0.369140625 0.67578125 0.37109375 0.67578125 0.365234375 0.673828125 0.36328125 0.67578125 0.357421875
3 0.80078125 0.603515625 0.8046875 0.611328125 0.802734375 0.623046875 0.794921875 0.62890625 0.794921875 0.623046875 0.791015625 0.619140625 0.791015625 0.615234375 0.798828125 0.609375 0.798828125 0.60546875
3 0.283203125 0.18359375 0.287109375 0.193359375 0.287109375 0.203125 0.283203125 0.212890625 0.283203125 0.205078125 0.27734375 0.193359375 0.27734375 0.185546875 0.28125 0.18359375
3 0.697265625 0.841796875 0.701171875 0.84765625 0.69921875 0.85546875 0.6953125 0.85546875 0.693359375 0.8515625 0.693359375 0.845703125 0.6953125 0.84375
3 0.2890625 0.328125 0.29296875 0.328125 0.294921875 0.33203125 0.294921875 0.34765625 0.296875 0.349609375 0.296875 0.357421875 0.294921875 0.35546875 0.287109375 0.337890625 0.2890625 0.330078125
3 0.8203125 0.642578125 0.822265625 0.64453125 0.822265625 0.65234375 0.814453125 0.66015625 0.810546875 0.66015625 0.810546875 0.6484375 0.818359375 0.642578125
3 0.583984375 0.640625 0.58984375 0.640625 0.58984375 0.65625 0.58203125 0.66796875 0.578125 0.6640625 0.578125 0.65625 0.583984375 0.642578125