0 0.1318359375 0.2568359375 0.015625 0.02734375
0 0.1875 0.279296875 0.015625 0.02734375
0 0.146484375 0.232421875 0.013671875 0.025390625
0 0.1298828125 0.6455078125 0.017578125 0.03515625
0 0.0380859375 0.5771484375 0.021484375 0.033203125
0 0.0634765625 0.486328125 0.021484375 0.041015625
0 0.13671875 0.0224609375 0.01953125 0.044921875
0 0.09375 0.4189453125 0.01171875 0.02734375
1 0.7841796875 0.0693359375 0.037109375 0.09375
1 0.8173828125 0.0830078125 0.0390625 0.09765625
1 0.849609375 0.095703125 0.04296875 0.115234375
1 0.8818359375 0.109375 0.037109375 0.10546875
1 0.912109375 0.1201171875 0.0390625 0.109375
1 0.9423828125 0.1328125 0.03515625 0.10546875