4 0.197265625 0.34375 0.201171875 0.34375 0.20703125 0.337890625 0.212890625 0.34375 0.212890625 0.3515625 0.208984375 0.353515625 0.203125 0.353515625 0.197265625 0.345703125
4 0.5234375 0.44921875 0.525390625 0.451171875 0.51953125 0.453125 0.51953125 0.46484375 0.515625 0.474609375 0.509765625 0.46875 0.51171875 0.462890625 0.509765625 0.45703125 0.51171875 0.453125 0.515625 0.453125 0.521484375 0.44921875
4 0.8515625 0.40234375 0.853515625 0.40234375 0.8515625 0.404296875 0.85546875 0.41015625 0.85546875 0.427734375 0.849609375 0.431640625 0.845703125 0.431640625 0.84375 0.416015625 0.841796875 0.4140625 0.8359375 0.4140625 0.837890625 0.408203125 0.841796875 0.408203125 0.849609375 0.40234375
4 0.51953125 0.53125 0.533203125 0.525390625 0.52734375 0.53515625 0.529296875 0.548828125 0.525390625 0.552734375 0.521484375 0.552734375 0.51953125 0.546875 0.51953125 0.533203125
4 0.4921875 0.490234375 0.494140625 0.490234375 0.494140625 0.5 0.4921875 0.501953125 0.494140625 0.50390625 0.494140625 0.51171875 0.4921875 0.513671875 0.4921875 0.51953125 0.490234375 0.521484375 0.484375 0.515625 0.484375 0.501953125 0.490234375 0.498046875 0.4921875 0.4921875
4 0.84375 0.34765625 0.845703125 0.34765625 0.84375 0.35546875 0.849609375 0.365234375 0.84765625 0.3671875 0.849609375 0.380859375 0.85546875 0.38671875 0.853515625 0.3984375 0.84765625 0.400390625 0.841796875 0.384765625 0.841796875 0.37890625 0.84375 0.376953125 0.833984375 0.365234375 0.833984375 0.361328125 0.83984375 0.357421875 0.83984375 0.353515625 0.84375 0.349609375
4 0.837890625 0.37109375 0.833984375 0.365234375 0.833984375 0.361328125 0.84375 0.34765625 0.845703125 0.34765625 0.84375 0.35546875 0.849609375 0.365234375 0.84765625 0.3671875 0.84765625 0.376953125 0.84375 0.376953125 0.83984375 0.37109375
4 0.466796875 0.97265625 0.470703125 0.97265625 0.4765625 0.982421875 0.474609375 0.986328125 0.474609375 0.9921875 0.4765625 0.994140625 0.474609375 0.998046875 0.466796875 0.998046875 0.470703125 0.984375 0.466796875 0.974609375
4 0.515625 0.484375 0.517578125 0.48828125 0.515625 0.490234375 0.513671875 0.51171875 0.51171875 0.51171875 0.509765625 0.505859375 0.513671875 0.486328125
4 0.841796875 0.37890625 0.845703125 0.375 0.85546875 0.38671875 0.853515625 0.400390625 0.84765625 0.40234375 0.84375 0.39453125 0.841796875 0.380859375
4 0.19140625 0.6953125 0.197265625 0.697265625 0.19921875 0.70703125 0.1875 0.71484375 0.1796875 0.732421875 0.17578125 0.732421875 0.177734375 0.712890625 0.19140625 0.697265625
4 0.5 0.505859375 0.505859375 0.505859375 0.509765625 0.509765625 0.509765625 0.513671875 0.505859375 0.51953125 0.505859375 0.525390625 0.501953125 0.529296875 0.498046875 0.517578125 0.5 0.5078125