4 0.892578125 0.33203125 0.89453125 0.333984375 0.892578125 0.34765625 0.88671875 0.34765625 0.884765625 0.345703125 0.884765625 0.337890625 0.890625 0.33203125
4 0.80078125 0.6796875 0.8046875 0.68359375 0.802734375 0.6953125 0.796875 0.701171875 0.79296875 0.697265625 0.794921875 0.6953125 0.79296875 0.689453125 0.798828125 0.681640625
4 0.8984375 0.638671875 0.908203125 0.6484375 0.908203125 0.65625 0.904296875 0.662109375 0.89453125 0.66015625 0.890625 0.6640625 0.888671875 0.662109375 0.896484375 0.65234375 0.8984375 0.640625
4 0.93359375 0.13671875 0.93359375 0.1328125 0.939453125 0.126953125 0.939453125 0.1171875 0.943359375 0.11328125 0.947265625 0.115234375 0.9453125 0.125 0.93359375 0.138671875
4 0.896484375 0.55859375 0.900390625 0.556640625 0.90625 0.556640625 0.908203125 0.55859375 0.90234375 0.5703125 0.89453125 0.5703125 0.890625 0.57421875 0.890625 0.564453125 0.896484375 0.560546875
4 0.8828125 0.306640625 0.88671875 0.30859375 0.884765625 0.310546875 0.88671875 0.31640625 0.8828125 0.322265625 0.87890625 0.322265625 0.87890625 0.310546875 0.8828125 0.30859375
3 0.333984375 0 0.35546875 0 0.35546875 0.005859375 0.34765625 0.01171875 0.3359375 0.009765625 0.333984375 0.0078125 0.333984375 0.001953125
3 0.314453125 -0.0126953125 0.03515625 0.072265625
3 0.267578125 0 0.294921875 0 0.29296875 0.001953125 0.291015625 0.01953125 0.279296875 0.02734375 0.2734375 0.02734375 0.265625 0.015625 0.267578125 0.001953125
3 0.208984375 0 0.232421875 0 0.23046875 0.0234375 0.228515625 0.02734375 0.220703125 0.03125 0.20703125 0.02734375 0.20703125 0.01171875 0.205078125 0.009765625 0.208984375 0.001953125
3 0.177734375 0 0.19921875 0 0.201171875 0.005859375 0.19921875 0.009765625 0.201171875 0.01953125 0.193359375 0.02734375 0.18359375 0.029296875 0.1796875 0.02734375 0.17578125 0.015625 0.177734375 0.001953125
3 0.23828125 0 0.259765625 0 0.259765625 0.009765625 0.26171875 0.01171875 0.25390625 0.0234375 0.24609375 0.025390625 0.236328125 0.015625 0.23828125 0.001953125