0 0.615234375 0.51171875 0.013671875 0.017578125
0 0.2412109375 0.599609375 0.0234375 0.03515625
0 0.5634765625 0.09765625 0.01953125 0.033203125
0 0.6279296875 0.4306640625 0.015625 0.021484375
0 0.826171875 0.65234375 0.021484375 0.03515625
0 0.1748046875 0.453125 0.017578125 0.02734375
0 0.8046875 0.6123046875 0.017578125 0.03125
0 0.6474609375 0.44140625 0.013671875 0.01953125
0 0.818359375 0.8515625 0.017578125 0.0234375
0 0.85546875 0.6767578125 0.02734375 0.02734375
0 0.1630859375 0.4580078125 0.01953125 0.037109375