3 0.8046875 0.30078125 0.8203125 0.30078125 0.822265625 0.298828125 0.83203125 0.298828125 0.833984375 0.30078125 0.83203125 0.306640625 0.8203125 0.3046875 0.80859375 0.3125 0.802734375 0.310546875 0.8046875 0.302734375
3 0.74609375 0.7265625 0.751953125 0.73046875 0.767578125 0.732421875 0.76953125 0.736328125 0.7734375 0.736328125 0.7734375 0.740234375 0.7578125 0.740234375 0.744140625 0.734375 0.740234375 0.736328125 0.73828125 0.732421875 0.744140625 0.728515625
3 0.74609375 0.708984375 0.767578125 0.716796875 0.76953125 0.72265625 0.76171875 0.72265625 0.759765625 0.724609375 0.751953125 0.724609375 0.74609375 0.720703125 0.73828125 0.72265625 0.734375 0.71875 0.734375 0.71484375 0.744140625 0.708984375
3 0.775390625 0.705078125 0.80078125 0.708984375 0.806640625 0.71484375 0.8046875 0.716796875 0.787109375 0.716796875 0.775390625 0.70703125
3 0.80859375 0.296875 0.8203125 0.30078125 0.8203125 0.3046875 0.814453125 0.3046875 0.8125 0.306640625 0.802734375 0.3046875 0.794921875 0.30859375 0.79296875 0.306640625 0.787109375 0.30859375 0.78125 0.306640625 0.78125 0.3046875 0.791015625 0.30078125 0.806640625 0.298828125
3 0.150390625 0.849609375 0.15625 0.859375 0.14453125 0.86328125 0.13671875 0.86328125 0.1328125 0.859375 0.1328125 0.85546875 0.1484375 0.849609375
3 0.7578125 0.705078125 0.767578125 0.708984375 0.7734375 0.71484375 0.783203125 0.71484375 0.791015625 0.71875 0.78515625 0.724609375 0.783203125 0.72265625 0.771484375 0.72265625 0.7578125 0.70703125
3 0.857421875 0.294921875 0.859375 0.296875 0.8671875 0.296875 0.86328125 0.302734375 0.84765625 0.302734375 0.84375 0.306640625 0.837890625 0.3046875 0.830078125 0.30859375 0.828125 0.306640625 0.833984375 0.302734375 0.833984375 0.296875 0.85546875 0.294921875
3 0.763671875 0.20703125 0.763671875 0.2109375 0.759765625 0.21484375 0.74609375 0.220703125 0.740234375 0.220703125 0.736328125 0.216796875 0.734375 0.2109375 0.736328125 0.208984375 0.744140625 0.2109375 0.74609375 0.208984375 0.7578125 0.208984375 0.76171875 0.20703125
3 0.478515625 0.91796875 0.494140625 0.916015625 0.5 0.921875 0.490234375 0.9296875 0.484375 0.9296875 0.478515625 0.919921875
3 0.787109375 0.73828125 0.79296875 0.744140625 0.775390625 0.744140625 0.76953125 0.7421875 0.767578125 0.740234375 0.76953125 0.736328125 0.783203125 0.736328125 0.78515625 0.73828125
3 0.7936197916666667 0.9738064236111111 0.03804976851851849 0.027039930555555536