0 0.9287109375 0.064453125 0.015625 0.03125
0 0.6171875 0.9287109375 0.015625 0.03125
0 0.8837890625 0.07421875 0.013671875 0.025390625
0 0.8154296875 0.365234375 0.0234375 0.033203125
0 0.9326171875 0.3623046875 0.021484375 0.037109375
0 0.90625 0.3466796875 0.0234375 0.0390625
0 0.9091796875 0.3095703125 0.01953125 0.03125
0 0.953125 0.818359375 0.025390625 0.0234375
0 0.9580078125 0.7646484375 0.017578125 0.025390625
0 0.9736328125 0.6806640625 0.01953125 0.033203125
0 0.482421875 0.3955078125 0.01171875 0.0234375
0 0.49609375 0.40234375 0.01171875 0.025390625