1 0.9996527777777777 0.6234085648148149 0.000694444444444442 0.10821759259259267
3 0.3125 0.10546875 0.3125 0.123046875 0.31640625 0.1328125 0.3125 0.130859375 0.306640625 0.11328125 0.306640625 0.107421875 0.310546875 0.10546875
3 0.310546875 0.953125 0.3203125 0.9609375 0.3203125 0.96484375 0.31640625 0.970703125 0.3125 0.97265625 0.30859375 0.96875 0.306640625 0.96484375 0.306640625 0.95703125 0.30859375 0.955078125
3 0.228515625 0.619140625 0.232421875 0.619140625 0.23828125 0.626953125 0.23828125 0.638671875 0.228515625 0.62890625 0.228515625 0.62109375
3 0.2802951388888889 0.8553240740740741 0.01215277777777779 0.02039930555555558
3 0.21484375 0.68359375 0.205078125 0.673828125 0.203125 0.666015625 0.20703125 0.6640625 0.2109375 0.666015625 0.216796875 0.673828125 0.216796875 0.681640625
3 0.736328125 0.458984375 0.736328125 0.451171875 0.734375 0.44921875 0.736328125 0.443359375 0.740234375 0.4375 0.744140625 0.439453125 0.744140625 0.451171875 0.736328125 0.4609375
3 0.751953125 0.28515625 0.7578125 0.291015625 0.7578125 0.296875 0.75390625 0.302734375 0.75390625 0.310546875 0.751953125 0.3125 0.748046875 0.302734375 0.751953125 0.287109375
3 0.1875 0.69921875 0.193359375 0.69921875 0.203125 0.70703125 0.203125 0.71484375 0.19921875 0.71484375 0.1875 0.70703125 0.1875 0.701171875
3 0.318359375 0.427734375 0.322265625 0.427734375 0.32421875 0.43359375 0.32421875 0.44140625 0.318359375 0.4453125 0.314453125 0.44140625 0.314453125 0.435546875 0.318359375 0.4296875
3 0.3359375 0.41974103009259256 0.01215277777777779 0.020399305555555525
3 0.76171875 0.283203125 0.767578125 0.283203125 0.76953125 0.2890625 0.763671875 0.302734375 0.759765625 0.302734375 0.759765625 0.287109375 0.76171875 0.28515625
3 0.322265625 0.92578125 0.326171875 0.927734375 0.326171875 0.94140625 0.3203125 0.935546875 0.3203125 0.927734375