4 0.38671875 0.0625 0.388671875 0.0625 0.38671875 0.064453125 0.388671875 0.06640625 0.38671875 0.078125 0.390625 0.0859375 0.388671875 0.087890625 0.388671875 0.09375 0.3828125 0.087890625 0.3828125 0.078125 0.380859375 0.076171875 0.380859375 0.064453125 0.384765625 0.0625
4 0.1875 0.591796875 0.193359375 0.59375 0.197265625 0.6015625 0.197265625 0.609375 0.193359375 0.6171875 0.193359375 0.61328125 0.185546875 0.599609375 0.1875 0.59375
4 0.18359375 0.8671875 0.185546875 0.865234375 0.18359375 0.86328125 0.18359375 0.85546875 0.1875 0.849609375 0.193359375 0.849609375 0.1953125 0.85546875 0.193359375 0.857421875 0.193359375 0.865234375 0.1875 0.869140625 0.185546875 0.8671875
4 0.845703125 0.26171875 0.84765625 0.263671875 0.84765625 0.271484375 0.841796875 0.28515625 0.841796875 0.291015625 0.8359375 0.287109375 0.8359375 0.283203125 0.837890625 0.28125 0.837890625 0.2734375 0.841796875 0.26953125 0.841796875 0.263671875 0.84375 0.263671875
4 0.34765625 0.3828125 0.349609375 0.384765625 0.34765625 0.38671875 0.34765625 0.396484375 0.34375 0.40234375 0.33984375 0.3984375 0.33984375 0.38671875 0.345703125 0.3828125
4 0.154296875 0.642578125 0.15625 0.642578125 0.15625 0.65234375 0.1640625 0.658203125 0.15625 0.666015625 0.158203125 0.66796875 0.15625 0.671875 0.150390625 0.66796875 0.1484375 0.650390625 0.154296875 0.64453125
4 0.828125 0.271484375 0.833984375 0.265625 0.83984375 0.26953125 0.837890625 0.279296875 0.830078125 0.287109375 0.828125 0.296875 0.82421875 0.296875 0.826171875 0.291015625 0.82421875 0.2890625 0.82421875 0.283203125 0.828125 0.2734375
4 0.220703125 0.9375 0.2265625 0.9375 0.228515625 0.939453125 0.228515625 0.947265625 0.224609375 0.951171875 0.21875 0.94921875 0.220703125 0.947265625 0.220703125 0.939453125
4 0.796875 0.4296875 0.796875 0.44140625 0.7890625 0.451171875 0.78515625 0.4609375 0.78125 0.4609375 0.78125 0.458984375 0.78515625 0.453125 0.787109375 0.4375 0.794921875 0.4296875
4 0.12890625 0.68359375 0.134765625 0.693359375 0.1328125 0.6953125 0.134765625 0.697265625 0.1328125 0.705078125 0.12890625 0.705078125 0.119140625 0.693359375 0.12109375 0.69140625 0.12109375 0.685546875 0.126953125 0.68359375
4 0.390625 0.7265625 0.39453125 0.728515625 0.3984375 0.736328125 0.396484375 0.7421875 0.400390625 0.75 0.396484375 0.7578125 0.392578125 0.759765625 0.38671875 0.75 0.38671875 0.73828125 0.388671875 0.736328125 0.38671875 0.73046875 0.388671875 0.728515625