4 0.587890625 0.650390625 0.587890625 0.658203125 0.5859375 0.66015625 0.587890625 0.662109375 0.587890625 0.671875 0.58203125 0.67578125 0.580078125 0.673828125 0.58203125 0.669921875 0.580078125 0.6640625 0.576171875 0.66015625 0.572265625 0.66015625 0.572265625 0.65625 0.58203125 0.65625 0.5859375 0.65234375
4 0.572265625 0.640625 0.572265625 0.626953125 0.57421875 0.625 0.57421875 0.615234375 0.572265625 0.61328125 0.576171875 0.615234375 0.580078125 0.623046875 0.580078125 0.634765625 0.57421875 0.640625
4 0.533203125 0.62890625 0.53515625 0.62890625 0.541015625 0.638671875 0.541015625 0.65234375 0.537109375 0.658203125 0.53125 0.6484375 0.533203125 0.646484375 0.533203125 0.630859375
4 0.505859375 0.54296875 0.01171875 0.02734375
4 0.017578125 0.75390625 0.01953125 0.755859375 0.017578125 0.76171875 0.015625 0.759765625 0.009765625 0.759765625 0 0.765625 0 0.751953125 0.009765625 0.73828125 0.01171875 0.73828125 0.009765625 0.748046875 0.015625 0.75390625
4 0.005859375 0.85546875 0.0078125 0.85546875 0.0078125 0.865234375 0.001953125 0.87109375 0.005859375 0.8828125 0 0.88671875 0 0.87109375 0.005859375 0.861328125 0.005859375 0.857421875
4 0.068359375 0.224609375 0.0703125 0.2265625 0.076171875 0.2265625 0.078125 0.224609375 0.078125 0.244140625 0.076171875 0.244140625 0.076171875 0.240234375 0.072265625 0.234375 0.064453125 0.23828125 0.05859375 0.234375 0.056640625 0.228515625 0.060546875 0.224609375 0.06640625 0.224609375
4 0.578125 0.498046875 0.58203125 0.498046875 0.587890625 0.513671875 0.5859375 0.515625 0.5859375 0.521484375 0.583984375 0.5234375 0.58203125 0.521484375 0.578125 0.5
4 0.2939453125 0.298828125 0.009765625 0.02734375
4 0.5234375 0.56640625 0.525390625 0.583984375 0.52734375 0.5859375 0.525390625 0.595703125 0.51953125 0.58984375 0.51953125 0.580078125 0.5234375 0.568359375
4 0.59375 0.55859375 0.595703125 0.560546875 0.595703125 0.578125 0.59375 0.580078125 0.587890625 0.580078125 0.587890625 0.576171875 0.58203125 0.5703125 0.5859375 0.564453125 0.5859375 0.560546875 0.591796875 0.560546875