3 0.794921875 0.83984375 0.798828125 0.833984375 0.8125 0.833984375 0.8125 0.83984375 0.80859375 0.83984375 0.806640625 0.84375 0.796875 0.84375 0.796875 0.841796875
3 0.43359375 0.828125 0.439453125 0.83203125 0.443359375 0.83203125 0.4453125 0.8359375 0.44140625 0.83984375 0.4296875 0.83984375 0.423828125 0.8359375 0.423828125 0.83203125 0.431640625 0.830078125
3 0.486328125 0.91796875 0.498046875 0.921875 0.513671875 0.921875 0.505859375 0.93359375 0.49609375 0.935546875 0.4921875 0.931640625 0.494140625 0.927734375 0.4921875 0.923828125 0.486328125 0.919921875
3 0.57421875 0.89453125 0.583984375 0.896484375 0.59765625 0.904296875 0.59375 0.91015625 0.583984375 0.91015625 0.583984375 0.904296875 0.580078125 0.900390625 0.576171875 0.900390625 0.57421875 0.896484375
3 0.830078125 0.8203125 0.8359375 0.82421875 0.830078125 0.828125 0.818359375 0.826171875 0.818359375 0.822265625 0.828125 0.8203125
1 0.978515625 0.201171875 0.98046875 0.205078125 0.98046875 0.22265625 0.982421875 0.224609375 0.974609375 0.224609375 0.966796875 0.216796875 0.96875 0.20703125 0.9765625 0.203125
1 0.974609375 0.169921875 0.9765625 0.193359375 0.96875 0.193359375 0.966796875 0.1953125 0.955078125 0.1953125 0.94921875 0.19140625 0.9453125 0.18359375 0.951171875 0.17578125 0.96484375 0.173828125 0.97265625 0.169921875
1 0.96875 0.13671875 0.96875 0.146484375 0.97265625 0.154296875 0.97265625 0.16015625 0.966796875 0.1640625 0.94921875 0.1640625 0.947265625 0.166015625 0.9375 0.16015625 0.931640625 0.150390625 0.931640625 0.146484375 0.9453125 0.138671875 0.962890625 0.138671875 0.966796875 0.13671875
1 0.958984375 0.076171875 0.9609375 0.078125 0.9609375 0.091796875 0.962890625 0.09375 0.962890625 0.099609375 0.958984375 0.1015625 0.94921875 0.1015625 0.939453125 0.10546875 0.91796875 0.10546875 0.9140625 0.103515625 0.91015625 0.095703125 0.91015625 0.087890625 0.921875 0.080078125 0.95703125 0.078125
1 0.90625 0.0546875 0.9140625 0.052734375 0.91796875 0.048828125 0.955078125 0.046875 0.955078125 0.0546875 0.958984375 0.06640625 0.95703125 0.068359375 0.943359375 0.068359375 0.939453125 0.072265625 0.927734375 0.072265625 0.91796875 0.076171875 0.912109375 0.07421875 0.904296875 0.06640625 0.90234375 0.060546875 0.90625 0.056640625
1 0.962890625 0.10546875 0.966796875 0.111328125 0.966796875 0.12890625 0.962890625 0.130859375 0.935546875 0.1328125 0.927734375 0.126953125 0.92578125 0.12109375 0.931640625 0.111328125 0.958984375 0.109375 0.9609375 0.107421875