0 0.1357421875 0.521484375 0.0234375 0.03515625
0 0.8427734375 0.328125 0.025390625 0.037109375
0 0.53125 0.90234375 0.02734375 0.04296875
0 0.2138671875 0.3740234375 0.03125 0.0390625
0 0.8447265625 0.119140625 0.021484375 0.03125
0 0.8740234375 0.3037109375 0.02734375 0.037109375
0 0.814453125 0.3681640625 0.021484375 0.033203125
0 0.1201171875 0.5166015625 0.0234375 0.04296875
0 0.6162109375 0.5595703125 0.01953125 0.021484375
0 0.82421875 0.673828125 0.017578125 0.01953125
0 0.6416015625 0.541015625 0.017578125 0.02734375