3 0.265625 0.205078125 0.259765625 0.216796875 0.255859375 0.21875 0.24609375 0.21875 0.248046875 0.212890625 0.25390625 0.20703125 0.263671875 0.205078125
3 0.007248263888888889 0.3791087962962963 0.014496527777777778 0.02028356481481486
3 0.0859375 0.32421875 0.0859375 0.3203125 0.091796875 0.314453125 0.103515625 0.31640625 0.10546875 0.3203125 0.099609375 0.326171875 0.08984375 0.326171875 0.087890625 0.32421875
3 0.298828125 0.23046875 0.314453125 0.216796875 0.3203125 0.216796875 0.322265625 0.21875 0.3203125 0.224609375 0.314453125 0.228515625 0.30078125 0.23046875
3 0.564453125 0.26953125 0.5625 0.27734375 0.556640625 0.27734375 0.5546875 0.279296875 0.548828125 0.27734375 0.548828125 0.2734375 0.556640625 0.26953125 0.5625 0.26953125
3 0.671875 0.671875 0.673828125 0.673828125 0.681640625 0.673828125 0.68359375 0.67578125 0.681640625 0.681640625 0.66796875 0.681640625 0.66015625 0.677734375 0.654296875 0.677734375 0.65625 0.67578125 0.669921875 0.673828125
3 0.828125 0.65625 0.84375 0.65625 0.84765625 0.66015625 0.83984375 0.6640625 0.8203125 0.666015625 0.822265625 0.66015625 0.828125 0.658203125
3 0.818359375 0.6484375 0.837890625 0.646484375 0.841796875 0.650390625 0.83984375 0.654296875 0.8203125 0.654296875 0.814453125 0.65234375 0.818359375 0.650390625
3 0.54296875 0.259765625 0.54296875 0.263671875 0.537109375 0.267578125 0.529296875 0.267578125 0.52734375 0.265625 0.52734375 0.259765625 0.529296875 0.2578125 0.5390625 0.2578125 0.541015625 0.259765625
3 0.22265625 0.1953125 0.22265625 0.201171875 0.21484375 0.2109375 0.208984375 0.2109375 0.208984375 0.20703125 0.212890625 0.203125 0.2109375 0.201171875 0.216796875 0.193359375 0.220703125 0.1953125
3 0.2734375 0.4453125 0.271484375 0.455078125 0.265625 0.458984375 0.25390625 0.458984375 0.25390625 0.455078125 0.265625 0.4453125 0.271484375 0.4453125
3 0.861328125 0.17578125 0.86328125 0.177734375 0.861328125 0.181640625 0.8515625 0.18359375 0.841796875 0.19140625 0.8359375 0.189453125 0.841796875 0.18359375 0.859375 0.17578125
3 0.0390625 0.380859375 0.037109375 0.38671875 0.03125 0.38671875 0.029296875 0.388671875 0.025390625 0.384765625 0.03125 0.380859375 0.037109375 0.380859375