0 0.880859375 0.318359375 0.01171875 0.0234375
0 0.90625 0.115234375 0.0146484375 0.0263671875
0 0.9052734375 0.5400390625 0.01953125 0.0263671875
0 0.8720703125 0.2900390625 0.01171875 0.0341796875
1 0.26953125 0.009765625 0.02734375 0.0185546875
1 0.1826171875 0.01171875 0.0263671875 0.0224609375
1 0.2109375 0.01171875 0.02734375 0.0234375
1 0.2392578125 0.0078125 0.0283203125 0.015625
1 0.30078125 0.0087890625 0.025390625 0.0166015625
0 0.822265625 0.6591796875 0.015625 0.03125
0 0.890625 0.4775390625 0.0126953125 0.03125
0 0.921875 0.625 0.0185546875 0.0205078125