0 0.0263671875 0.0791015625 0.03125 0.048828125
0 0.0068359375 0.2431640625 0.013671875 0.037109375
0 0.0458984375 0.7265625 0.0205078125 0.017578125
0 0.0576171875 0.078125 0.0205078125 0.044921875
0 0.5087890625 0.4638671875 0.0126953125 0.037109375
0 0.53125 0.4169921875 0.0126953125 0.0380859375
0 0.55078125 0.359375 0.0126953125 0.033203125
0 0.5947265625 0.34375 0.02734375 0.0322265625
0 0.5888671875 0.37890625 0.0107421875 0.0244140625
0 0.5947265625 0.435546875 0.0146484375 0.0263671875
0 0.5830078125 0.4951171875 0.013671875 0.03125