1 0.71484375 0.998046875 0.71484375 0.990234375 0.716796875 0.98828125 0.71484375 0.974609375 0.72265625 0.96484375 0.728515625 0.962890625 0.734375 0.962890625 0.740234375 0.96875 0.73828125 0.974609375 0.73828125 0.990234375 0.736328125 0.9921875 0.73828125 0.998046875 0.716796875 0.998046875
1 0.822265625 0.9453125 0.82421875 0.947265625 0.83203125 0.9453125 0.837890625 0.94921875 0.83984375 0.966796875 0.8359375 0.9765625 0.837890625 0.982421875 0.8359375 0.984375 0.8359375 0.998046875 0.810546875 0.998046875 0.8125 0.99609375 0.8125 0.982421875 0.814453125 0.98046875 0.814453125 0.955078125 0.8203125 0.947265625
1 0.796875 0.953125 0.8046875 0.95703125 0.806640625 0.970703125 0.80859375 0.97265625 0.8046875 0.982421875 0.8046875 0.99609375 0.802734375 0.998046875 0.779296875 0.998046875 0.78125 0.994140625 0.783203125 0.962890625 0.791015625 0.955078125 0.794921875 0.955078125
1 0.771484375 0.955078125 0.77734375 0.966796875 0.77734375 0.978515625 0.7734375 0.98046875 0.7734375 0.98828125 0.775390625 0.990234375 0.7734375 0.998046875 0.748046875 0.998046875 0.748046875 0.9921875 0.75 0.990234375 0.748046875 0.98828125 0.75 0.96484375 0.7578125 0.95703125 0.76953125 0.955078125
1 0.6928240740740741 0.98828125 0.04178240740740735 0.0234375
1 0.86328125 0.943359375 0.869140625 0.947265625 0.869140625 0.955078125 0.87109375 0.95703125 0.87109375 0.96875 0.865234375 0.986328125 0.8671875 0.98828125 0.8671875 0.998046875 0.841796875 0.998046875 0.841796875 0.984375 0.845703125 0.97265625 0.84375 0.96875 0.845703125 0.96484375 0.845703125 0.951171875 0.853515625 0.9453125 0.861328125 0.9453125
3 0.2715422453703704 0.2679253472222222 0.01821469907407408 0.021874999999999978
3 0.130859375 0.68359375 0.130859375 0.6953125 0.125 0.69921875 0.12109375 0.685546875 0.123046875 0.68359375 0.12890625 0.68359375
3 0.17578125 0.67578125 0.1796875 0.673828125 0.18359375 0.67578125 0.18359375 0.685546875 0.1796875 0.689453125 0.17578125 0.6875 0.17578125 0.677734375
3 0.216796875 0.318359375 0.216796875 0.33203125 0.2109375 0.337890625 0.208984375 0.337890625 0.205078125 0.330078125 0.208984375 0.326171875 0.208984375 0.322265625 0.21484375 0.318359375
3 0.267578125 0.30078125 0.267578125 0.294921875 0.271484375 0.291015625 0.2734375 0.29296875 0.2734375 0.30078125 0.26953125 0.30078125
3 0.134765625 0.70703125 0.138671875 0.71484375 0.1328125 0.728515625 0.130859375 0.728515625 0.12890625 0.72265625 0.12890625 0.71484375 0.1328125 0.708984375
3 0.32421875 0.578125 0.330078125 0.578125 0.33203125 0.580078125 0.33203125 0.5859375 0.328125 0.595703125 0.328125 0.591796875 0.32421875 0.587890625 0.32421875 0.580078125
3 0.1120804398148148 0.3728515625 0.020283564814814817 0.02582465277777779
3 0.08203125 0.90234375 0.083984375 0.900390625 0.0859375 0.90234375 0.080078125 0.90625 0.078125 0.91796875 0.072265625 0.927734375 0.068359375 0.923828125 0.068359375 0.91796875 0.07421875 0.912109375 0.076171875 0.904296875 0.080078125 0.90234375
3 0.119140625 0.44921875 0.119140625 0.46484375 0.111328125 0.46875 0.10546875 0.46875 0.103515625 0.466796875 0.103515625 0.462890625 0.111328125 0.458984375 0.1171875 0.451171875
3 0.12890625 0.525390625 0.130859375 0.52734375 0.130859375 0.533203125 0.123046875 0.54296875 0.119140625 0.541015625 0.119140625 0.529296875 0.126953125 0.525390625