4 0.201171875 0.98046875 0.19921875 0.974609375 0.203125 0.96875 0.212890625 0.96875 0.212890625 0.98046875 0.2109375 0.982421875 0.205078125 0.982421875 0.203125 0.98046875
4 0.193359375 0.95703125 0.197265625 0.94921875 0.201171875 0.951171875 0.208984375 0.94921875 0.203125 0.966796875 0.1953125 0.96484375 0.1953125 0.958984375
4 0.431640625 0.787109375 0.4375 0.7890625 0.4375 0.794921875 0.431640625 0.80078125 0.431640625 0.791015625 0.43359375 0.7890625
4 0.4296875 0.7734375 0.431640625 0.76953125 0.431640625 0.751953125 0.43359375 0.75 0.439453125 0.755859375 0.44140625 0.763671875 0.435546875 0.765625 0.431640625 0.7734375
4 0.380859375 0.716796875 0.0126953125 0.0234375
4 0.42578125 0.78125 0.435546875 0.787109375 0.4375 0.791015625 0.435546875 0.796875 0.4296875 0.80078125 0.427734375 0.798828125 0.42578125 0.783203125
4 0.197265625 0.9296875 0.19921875 0.931640625 0.19921875 0.94140625 0.1953125 0.94921875 0.185546875 0.94140625 0.185546875 0.931640625 0.19140625 0.927734375 0.1953125 0.9296875
4 0.40234375 0.720703125 0.408203125 0.724609375 0.41015625 0.73046875 0.408203125 0.744140625 0.40625 0.744140625 0.40234375 0.734375 0.40234375 0.72265625
4 0.42578125 0.779296875 0.4296875 0.783203125 0.4296875 0.794921875 0.427734375 0.794921875 0.42578125 0.78125
4 0.41796875 0.7578125 0.423828125 0.759765625 0.423828125 0.76953125 0.419921875 0.775390625 0.41796875 0.775390625 0.41796875 0.759765625
4 0.272395833984375 0.29537037109375 0.2734375 0.312037037109375 0.279166666015625 0.313888888671875 0.278645833984375 0.3 0.272395833984375 0.29537037109375