4 0.7734375 0.798828125 0.767578125 0.791015625 0.765625 0.78125 0.76171875 0.77734375 0.763671875 0.763671875 0.765625 0.759765625 0.767578125 0.76171875 0.765625 0.767578125 0.76953125 0.771484375 0.775390625 0.787109375 0.7734375 0.79296875 0.775390625 0.794921875 0.7734375 0.796875
4 0.748046875 0.791015625 0.751953125 0.796875 0.751953125 0.802734375 0.7578125 0.80859375 0.76171875 0.822265625 0.76171875 0.826171875 0.7578125 0.828125 0.7578125 0.82421875 0.75390625 0.822265625 0.75 0.814453125 0.748046875 0.79296875
4 0.75 0.763671875 0.75 0.76953125 0.7578125 0.779296875 0.759765625 0.798828125 0.751953125 0.794921875 0.751953125 0.7890625 0.74609375 0.771484375 0.74609375 0.765625 0.748046875 0.765625
4 0.373046875 0.86328125 0.376953125 0.8671875 0.373046875 0.87890625 0.375 0.884765625 0.37109375 0.89453125 0.3671875 0.892578125 0.3671875 0.873046875 0.373046875 0.865234375
4 0.361328125 0.841796875 0.365234375 0.849609375 0.37109375 0.849609375 0.37109375 0.85546875 0.3671875 0.865234375 0.369140625 0.8671875 0.3671875 0.876953125 0.36328125 0.875 0.36328125 0.869140625 0.361328125 0.8671875 0.36328125 0.8515625 0.359375 0.84375
4 0.892578125 0.517578125 0.904296875 0.521484375 0.904296875 0.529296875 0.89453125 0.537109375 0.892578125 0.51953125
4 0.369140625 0.923828125 0.365234375 0.91015625 0.3671875 0.90625 0.365234375 0.900390625 0.3671875 0.892578125 0.373046875 0.89453125 0.373046875 0.908203125 0.375 0.91015625 0.373046875 0.916015625 0.375 0.919921875 0.37109375 0.923828125
4 0.78515625 0.212890625 0.7890625 0.212890625 0.794921875 0.220703125 0.79296875 0.22265625 0.79296875 0.23046875 0.78125 0.228515625 0.78515625 0.21484375
4 0.294921875 0.81640625 0.296875 0.818359375 0.296875 0.8359375 0.294921875 0.841796875 0.291015625 0.84375 0.287109375 0.828125 0.2890625 0.826171875 0.2890625 0.818359375 0.29296875 0.81640625
4 0.7734375 0.7890625 0.779296875 0.794921875 0.779296875 0.80078125 0.78125 0.802734375 0.78125 0.814453125 0.771484375 0.802734375 0.76953125 0.79296875 0.7734375 0.791015625
4 0.98046875 0.77734375 0.984375 0.779296875 0.984375 0.78515625 0.99609375 0.796875 0.998046875 0.80859375 0.99609375 0.80859375 0.98828125 0.796875 0.978515625 0.794921875 0.982421875 0.7890625 0.978515625 0.779296875