3 0.228515625 0.908203125 0.232421875 0.912109375 0.232421875 0.939453125 0.23046875 0.94140625 0.232421875 0.95703125 0.23046875 0.958984375 0.228515625 0.98828125 0.224609375 0.9921875 0.216796875 0.9921875 0.208984375 0.986328125 0.20703125 0.939453125 0.208984375 0.9375 0.2109375 0.912109375 0.216796875 0.904296875 0.2265625 0.908203125
3 0.130859375 0.876953125 0.13671875 0.8828125 0.13671875 0.896484375 0.138671875 0.8984375 0.13671875 0.904296875 0.13671875 0.95703125 0.130859375 0.96875 0.125 0.97265625 0.1171875 0.970703125 0.115234375 0.966796875 0.11328125 0.9296875 0.111328125 0.927734375 0.11328125 0.921875 0.111328125 0.890625 0.115234375 0.880859375 0.12109375 0.875 0.12890625 0.876953125
3 0.162109375 0.890625 0.16796875 0.8984375 0.16796875 0.91796875 0.166015625 0.919921875 0.166015625 0.953125 0.16796875 0.955078125 0.16796875 0.9609375 0.1640625 0.966796875 0.1640625 0.970703125 0.16015625 0.974609375 0.15234375 0.974609375 0.146484375 0.970703125 0.146484375 0.96484375 0.142578125 0.955078125 0.14453125 0.896484375 0.15234375 0.888671875 0.16015625 0.890625
3 0.19140625 0.89453125 0.201171875 0.90234375 0.19921875 0.94140625 0.197265625 0.943359375 0.197265625 0.947265625 0.201171875 0.953125 0.201171875 0.96875 0.197265625 0.9765625 0.197265625 0.982421875 0.189453125 0.9921875 0.181640625 0.9921875 0.17578125 0.98828125 0.17578125 0.970703125 0.173828125 0.96875 0.173828125 0.95703125 0.171875 0.955078125 0.173828125 0.90625 0.181640625 0.89453125 0.185546875 0.892578125 0.189453125 0.89453125
3 0.2578125 0.923828125 0.263671875 0.9296875 0.263671875 0.970703125 0.26171875 0.97265625 0.259765625 0.998046875 0.23828125 0.998046875 0.23828125 0.9765625 0.240234375 0.974609375 0.240234375 0.9609375 0.2421875 0.958984375 0.240234375 0.953125 0.240234375 0.9375 0.2421875 0.935546875 0.2421875 0.9296875 0.248046875 0.921875 0.25390625 0.921875 0.255859375 0.923828125
3 0.08984375 0.87109375 0.1015625 0.875 0.10546875 0.87890625 0.10546875 0.884765625 0.107421875 0.88671875 0.107421875 0.892578125 0.10546875 0.89453125 0.107421875 0.900390625 0.107421875 0.90625 0.10546875 0.908203125 0.10546875 0.939453125 0.103515625 0.94140625 0.103515625 0.94921875 0.099609375 0.955078125 0.095703125 0.95703125 0.09375 0.955078125 0.087890625 0.955078125 0.08203125 0.94921875 0.08203125 0.90234375 0.080078125 0.900390625 0.080078125 0.888671875 0.08203125 0.88671875 0.08203125 0.880859375 0.087890625 0.873046875
4 0.7587890625 0.263671875 0.015625 0.01953125
4 0.8515625 0.708984375 0.84765625 0.705078125 0.84765625 0.693359375 0.849609375 0.69140625 0.85546875 0.69140625 0.857421875 0.6953125 0.857421875 0.701171875 0.85546875 0.70703125 0.853515625 0.70703125
4 0.80078125 0.6875 0.01171875 0.017578125
4 0.810546875 0.341796875 0.806640625 0.3359375 0.806640625 0.33203125 0.802734375 0.328125 0.802734375 0.32421875 0.806640625 0.3203125 0.8125 0.32421875 0.81640625 0.33203125 0.81640625 0.337890625 0.8125 0.33984375
4 0.48828125 0.982421875 0.4921875 0.986328125 0.4921875 0.99609375 0.494140625 0.998046875 0.48828125 0.998046875 0.48828125 0.984375
4 0.751953125 0.298828125 0.751953125 0.291015625 0.75390625 0.2890625 0.7578125 0.291015625 0.7578125 0.298828125 0.75390625 0.298828125
4 0.837890625 0.71875 0.841796875 0.716796875 0.84765625 0.724609375 0.84375 0.73828125 0.83984375 0.732421875 0.83984375 0.720703125
4 0.662109375 0.56640625 0.66796875 0.56640625 0.66796875 0.57421875 0.6640625 0.583984375 0.66015625 0.58203125 0.662109375 0.568359375
4 0.8984375 0.375 0.9140625 0.384765625 0.9140625 0.392578125 0.91015625 0.39453125 0.90234375 0.390625 0.896484375 0.380859375 0.896484375 0.376953125
4 0.869140625 0.912109375 0.873046875 0.9140625 0.8828125 0.935546875 0.880859375 0.94140625 0.876953125 0.939453125 0.873046875 0.921875 0.869140625 0.9140625
4 0.888671875 0.4609375 0.89453125 0.47265625 0.900390625 0.4765625 0.900390625 0.484375 0.896484375 0.484375 0.884765625 0.474609375 0.888671875 0.46875 0.888671875 0.462890625
4 0.875 0.5546875 0.8671875 0.544921875 0.865234375 0.537109375 0.8671875 0.53515625 0.873046875 0.53515625 0.87890625 0.541015625 0.876953125 0.552734375