0 0.544921875 0.310546875 0.0126953125 0.0224609375
0 0.53125 0.30859375 0.0126953125 0.021484375
0 0.87109375 0.0166015625 0.0107421875 0.0244140625
0 0.693359375 0.74609375 0.0087890625 0.0205078125
0 0.744140625 0.0419921875 0.009765625 0.0244140625
0 0.9091796875 0.01171875 0.009765625 0.0234375
0 0.919921875 0.02734375 0.01171875 0.0166015625
0 0.8349609375 0.2744140625 0.017578125 0.033203125
0 0.9169921875 0.2275390625 0.01953125 0.03515625
0 0.9091796875 0.26171875 0.0146484375 0.0341796875
0 0.939453125 0.291015625 0.0146484375 0.0322265625
0 0.9912109375 0.6767578125 0.017578125 0.033203125