3 0.9453125 0.154296875 0.955078125 0.158203125 0.958984375 0.162109375 0.958984375 0.181640625 0.955078125 0.185546875 0.955078125 0.1953125 0.951171875 0.201171875 0.951171875 0.212890625 0.947265625 0.216796875 0.947265625 0.228515625 0.943359375 0.232421875 0.943359375 0.236328125 0.9375 0.24609375 0.931640625 0.24609375 0.9296875 0.248046875 0.92578125 0.24609375 0.921875 0.2421875 0.91796875 0.23046875 0.919921875 0.228515625 0.919921875 0.216796875 0.923828125 0.212890625 0.923828125 0.205078125 0.9296875 0.1953125 0.9296875 0.18359375 0.93359375 0.1796875 0.935546875 0.166015625 0.939453125 0.158203125 0.943359375 0.15625
3 0.998046875 0.208984375 0.998046875 0.291015625 0.990234375 0.291015625 0.982421875 0.28125 0.982421875 0.265625 0.986328125 0.26171875 0.986328125 0.255859375 0.990234375 0.248046875 0.990234375 0.234375 0.994140625 0.23046875 0.994140625 0.21875 0.998046875 0.2109375
3 0.982421875 0.169921875 0.98828125 0.171875 0.994140625 0.1796875 0.9921875 0.201171875 0.990234375 0.203125 0.990234375 0.216796875 0.986328125 0.220703125 0.986328125 0.232421875 0.982421875 0.236328125 0.982421875 0.248046875 0.978515625 0.25 0.9765625 0.263671875 0.966796875 0.2734375 0.95703125 0.271484375 0.94921875 0.259765625 0.947265625 0.248046875 0.951171875 0.24609375 0.951171875 0.23828125 0.95703125 0.228515625 0.95703125 0.220703125 0.9609375 0.21484375 0.9609375 0.205078125 0.96484375 0.19921875 0.96484375 0.189453125 0.970703125 0.181640625 0.97265625 0.173828125 0.98046875 0.169921875
3 0.923828125 0.123046875 0.93359375 0.1328125 0.931640625 0.134765625 0.931640625 0.1484375 0.927734375 0.154296875 0.927734375 0.1640625 0.923828125 0.169921875 0.923828125 0.177734375 0.919921875 0.181640625 0.91796875 0.197265625 0.9140625 0.201171875 0.9140625 0.20703125 0.908203125 0.21484375 0.8984375 0.21484375 0.892578125 0.20703125 0.888671875 0.1953125 0.892578125 0.181640625 0.8984375 0.171875 0.8984375 0.1640625 0.90234375 0.16015625 0.90234375 0.15234375 0.90625 0.146484375 0.90625 0.140625 0.9140625 0.125 0.916015625 0.123046875 0.921875 0.123046875
4 0.251953125 0.177734375 0.255859375 0.177734375 0.2578125 0.181640625 0.255859375 0.1953125 0.25 0.1953125 0.248046875 0.193359375 0.248046875 0.1875 0.251953125 0.1796875
4 0.271484375 0.158203125 0.2734375 0.171875 0.26953125 0.17578125 0.265625 0.16796875 0.265625 0.16015625 0.26953125 0.158203125
4 0.19921875 0.5625 0.205078125 0.5625 0.20703125 0.564453125 0.20703125 0.578125 0.203125 0.58203125 0.19921875 0.580078125 0.19921875 0.57421875 0.197265625 0.572265625 0.19921875 0.564453125
4 0.67578125 0.033203125 0.681640625 0.037109375 0.677734375 0.05078125 0.673828125 0.0546875 0.673828125 0.05859375 0.669921875 0.060546875 0.671875 0.0390625 0.67578125 0.03515625
4 0.248046875 0.625 0.248046875 0.63671875 0.24609375 0.638671875 0.2421875 0.634765625 0.2421875 0.626953125 0.24609375 0.625
4 0.1484375 0.40625 0.150390625 0.404296875 0.1484375 0.3984375 0.1484375 0.390625 0.150390625 0.388671875 0.154296875 0.390625 0.16015625 0.404296875 0.158203125 0.412109375 0.150390625 0.40625
4 0.2265625 0.654296875 0.240234375 0.654296875 0.240234375 0.662109375 0.234375 0.669921875 0.23046875 0.669921875 0.2265625 0.666015625 0.2265625 0.65625
4 0.115234375 0.46875 0.12109375 0.466796875 0.125 0.470703125 0.125 0.48046875 0.12890625 0.486328125 0.126953125 0.4921875 0.119140625 0.486328125 0.115234375 0.470703125
4 0.19140625 0.328125 0.19140625 0.33203125 0.1953125 0.337890625 0.193359375 0.34765625 0.1875 0.345703125 0.1875 0.341796875 0.18359375 0.3359375 0.189453125 0.330078125