0 0.328125 0.4794921875 0.01171875 0.021484375
0 0.78515625 0.3466796875 0.01953125 0.02734375
0 0.8486328125 0.5146484375 0.013671875 0.03125
0 0.12890625 0.16015625 0.021484375 0.0234375
0 0.158203125 0.1943359375 0.015625 0.03125
0 0.833984375 0.5146484375 0.01171875 0.03125
0 0.32421875 0.8837890625 0.017578125 0.046875
0 0.0908203125 0.55859375 0.01171875 0.01953125
0 0.015625 0.740234375 0.013671875 0.0234375
0 0.1669921875 0.2451171875 0.015625 0.02734375
0 0.310546875 0.4658203125 0.015625 0.01953125