0 0.626953125 0.197265625 0.0126953125 0.0361328125
0 0.123046875 0.748046875 0.015625 0.03125
0 0.85546875 0.5234375 0.0126953125 0.0205078125
0 0.822265625 0.9384765625 0.0185546875 0.0205078125
0 0.755859375 0.451171875 0.01171875 0.017578125
0 0.8427734375 0.9287109375 0.021484375 0.0234375
0 0.87109375 0.53125 0.01171875 0.017578125
0 0.205078125 0.8994140625 0.017578125 0.025390625
0 0.1357421875 0.744140625 0.01953125 0.0263671875
0 0.63671875 0.63671875 0.0146484375 0.009765625
0 0.8037109375 0.8359375 0.0224609375 0.0380859375