0 0.8017578125 0.904296875 0.01953125 0.02734375
0 0.98046875 0.3173828125 0.013671875 0.025390625
0 0.5244140625 0.3779296875 0.01171875 0.044921875
0 0.5458984375 0.0185546875 0.01171875 0.03515625
0 0.5400390625 0.3916015625 0.01171875 0.03125
0 0.5478515625 0.3779296875 0.009765625 0.03515625
0 0.53125 0.419921875 0.0078125 0.03515625
0 0.2451171875 0.5146484375 0.021484375 0.025390625
0 0.232421875 0.4716796875 0.013671875 0.033203125
0 0.7802734375 0.236328125 0.013671875 0.0390625
0 0.0712890625 0.70703125 0.0234375 0.02734375