0 0.6474609375 0.5078125 0.015625 0.03515625
0 0.6171875 0.009765625 0.015625 0.0078125
0 0.9189453125 0.0341796875 0.013671875 0.01171875
0 0.4599609375 0.94140625 0.017578125 0.03515625
0 0.443359375 0.9384765625 0.017578125 0.03125
0 0.599609375 0.01171875 0.015625 0.013671875
0 0.892578125 0.9814453125 0.01953125 0.037109375
0 0.8671875 0.994140625 0.01953125 0.01171875
0 0.990234375 0.568359375 0.013671875 0.0390625
0 0.9892578125 0.62109375 0.009765625 0.044921875
0 0.46875 0.6015625 0.013671875 0.015625
0 0.783203125 0.9853515625 0.01953125 0.029296875