3 0.263671875 0.5390625 0.275390625 0.54296875 0.2734375 0.546875 0.265625 0.546875 0.263671875 0.548828125 0.25390625 0.548828125 0.24609375 0.544921875 0.2578125 0.537109375 0.26171875 0.5390625
3 0.302734375 0.54296875 0.302734375 0.546875 0.296875 0.546875 0.294921875 0.548828125 0.27734375 0.548828125 0.2734375 0.544921875 0.279296875 0.54296875 0.30078125 0.54296875
3 0.30078125 0.548828125 0.3046875 0.546875 0.330078125 0.546875 0.32421875 0.552734375 0.302734375 0.552734375 0.302734375 0.55078125
3 0.275390625 0.5625 0.28125 0.560546875 0.298828125 0.560546875 0.302734375 0.568359375 0.296875 0.568359375 0.294921875 0.56640625 0.27734375 0.568359375 0.275390625 0.564453125
3 0.361328125 0.205078125 0.380859375 0.212890625 0.384765625 0.216796875 0.380859375 0.220703125 0.376953125 0.220703125 0.37109375 0.216796875 0.359375 0.21875 0.353515625 0.2109375 0.34765625 0.208984375 0.349609375 0.205078125 0.359375 0.205078125
3 0.36328125 0.20703125 0.376953125 0.2109375 0.384765625 0.216796875 0.3828125 0.220703125 0.376953125 0.220703125 0.365234375 0.21484375 0.361328125 0.2109375 0.36328125 0.208984375
3 0.5234375 0.03515625 0.5390625 0.044921875 0.537109375 0.05078125 0.529296875 0.05078125 0.515625 0.041015625 0.513671875 0.037109375 0.517578125 0.033203125 0.521484375 0.03515625
3 0.310546875 0.1953125 0.333984375 0.19921875 0.337890625 0.203125 0.337890625 0.2109375 0.333984375 0.212890625 0.318359375 0.203125 0.3125 0.203125 0.310546875 0.197265625
3 0.880859375 0.8046875 0.88671875 0.806640625 0.896484375 0.81640625 0.896484375 0.8203125 0.880859375 0.8203125 0.875 0.81640625 0.873046875 0.810546875 0.87890625 0.806640625
3 0.359375 0.205078125 0.36328125 0.20703125 0.36328125 0.212890625 0.365234375 0.21484375 0.36328125 0.220703125 0.353515625 0.2109375 0.349609375 0.2109375 0.3515625 0.20703125 0.357421875 0.205078125
3 0.275390625 0.5703125 0.27734375 0.572265625 0.283203125 0.572265625 0.283203125 0.576171875 0.275390625 0.576171875 0.2734375 0.578125 0.255859375 0.576171875 0.255859375 0.5703125 0.2578125 0.568359375 0.2734375 0.5703125
3 0.505859375 0.814453125 0.51171875 0.81640625 0.51171875 0.822265625 0.50390625 0.828125 0.494140625 0.818359375 0.498046875 0.814453125 0.50390625 0.814453125
3 0.1875 0.814453125 0.189453125 0.8203125 0.177734375 0.830078125 0.171875 0.830078125 0.169921875 0.83203125 0.15625 0.83203125 0.15625 0.830078125 0.16796875 0.826171875 0.17578125 0.814453125 0.185546875 0.814453125