0 0.822265625 0.279296875 0.01171875 0.0234375
0 0.7685546875 0.294921875 0.01171875 0.0234375
0 0.810546875 0.255859375 0.0107421875 0.0234375
0 0.79296875 0.6357421875 0.013671875 0.0302734375
0 0.8818359375 0.580078125 0.017578125 0.029296875
0 0.8671875 0.4951171875 0.017578125 0.037109375
0 0.8369140625 0.0634765625 0.0146484375 0.0400390625
0 0.8447265625 0.4306640625 0.0087890625 0.0244140625
1 0.23828125 0.0478515625 0.02734375 0.095703125
1 0.2060546875 0.0634765625 0.029296875 0.087890625
1 0.17578125 0.0732421875 0.03125 0.103515625
1 0.1455078125 0.0830078125 0.025390625 0.09375
1 0.1162109375 0.091796875 0.02734375 0.099609375
1 0.0869140625 0.1005859375 0.0234375 0.0966796875