0 0.2216796875 0.357421875 0.013671875 0.029296875
0 0.791015625 0.6904296875 0.0146484375 0.0302734375
0 0.6552734375 0.1181640625 0.0146484375 0.0361328125
0 0.255859375 0.50390625 0.0205078125 0.0302734375
0 0.744140625 0.873046875 0.0146484375 0.025390625
0 0.8125 0.71875 0.017578125 0.029296875
0 0.7763671875 0.6484375 0.0126953125 0.0283203125
0 0.7177734375 0.984375 0.0166015625 0.0263671875
0 0.2080078125 0.3583984375 0.01171875 0.0361328125
0 0.6494140625 0.4365234375 0.0126953125 0.0166015625
0 0.8564453125 0.3857421875 0.0126953125 0.0146484375
0 0.6669921875 0.4580078125 0.009765625 0.0234375