0 0.9033203125 0.8681640625 0.02734375 0.033203125
0 0.9228515625 0.2197265625 0.021484375 0.03125
0 0.478515625 0.4130859375 0.021484375 0.044921875
0 0.404296875 0.0390625 0.021484375 0.0390625
0 0.498046875 0.4580078125 0.021484375 0.044921875
0 0.5087890625 0.412109375 0.021484375 0.0390625
0 0.5009765625 0.4267578125 0.021484375 0.0390625
0 0.240234375 0.6318359375 0.0234375 0.029296875
0 0.21484375 0.5888671875 0.0234375 0.03515625
0 0.2255859375 0.6171875 0.015625 0.029296875
0 0.11328125 0.890625 0.02734375 0.025390625