3 0.986328125 0.3984375 0.9921875 0.392578125 0.998046875 0.390625 0.998046875 0.4921875 0.9921875 0.486328125 0.9921875 0.478515625 0.990234375 0.4765625 0.9921875 0.474609375 0.9921875 0.46484375 0.990234375 0.462890625 0.98828125 0.443359375 0.978515625 0.423828125 0.98046875 0.41015625 0.986328125 0.400390625
4 0.240234375 0.89453125 0.23828125 0.88671875 0.248046875 0.86328125 0.25 0.869140625 0.24609375 0.873046875 0.24609375 0.888671875 0.2421875 0.89453125
4 0.27734375 0 0.271484375 0.00390625 0.263671875 0.00390625 0.263671875 0.001953125 0.265625 0 0.275390625 0
4 0.1796875 0.3369140625 0.013671875 0.0234375
4 0.232421875 0.11328125 0.2265625 0.107421875 0.2265625 0.095703125 0.228515625 0.09375 0.234375 0.09375 0.236328125 0.095703125 0.23828125 0.10546875 0.234375 0.111328125
4 0.158203125 0.275390625 0.1640625 0.27734375 0.162109375 0.283203125 0.154296875 0.29296875 0.150390625 0.29296875 0.150390625 0.283203125 0.158203125 0.27734375
4 0.69921875 0.6015625 0.6953125 0.58984375 0.6953125 0.578125 0.697265625 0.576171875 0.705078125 0.587890625 0.705078125 0.599609375 0.701171875 0.6015625
4 0.708984375 0.765625 0.703125 0.7578125 0.703125 0.744140625 0.70703125 0.734375 0.7109375 0.740234375 0.7109375 0.763671875
4 0.1328125 0.24609375 0.142578125 0.2421875 0.146484375 0.23828125 0.1484375 0.240234375 0.1484375 0.248046875 0.142578125 0.25390625 0.134765625 0.255859375 0.130859375 0.251953125 0.1328125 0.248046875
4 0.263671875 0.541015625 0.265625 0.54296875 0.265625 0.5546875 0.26171875 0.55859375 0.255859375 0.546875 0.255859375 0.54296875 0.259765625 0.5390625 0.26171875 0.541015625
4 0.27734375 0.55859375 0.283203125 0.5625 0.279296875 0.572265625 0.275390625 0.57421875 0.271484375 0.572265625 0.271484375 0.564453125 0.27734375 0.560546875
4 0.71875 0.74609375 0.72265625 0.75390625 0.72265625 0.767578125 0.716796875 0.765625 0.712890625 0.755859375 0.712890625 0.748046875 0.716796875 0.74609375
4 0.279296875 0.021484375 0.28515625 0.021484375 0.287109375 0.02734375 0.283203125 0.03515625 0.28125 0.03515625 0.27734375 0.03125 0.279296875 0.029296875 0.279296875 0.0234375