0 0.3056640625 0.271484375 0.0126953125 0.033203125
0 0.2978515625 0.126953125 0.013671875 0.0361328125
0 0.796875 0.56640625 0.015625 0.029296875
0 0.697265625 0.068359375 0.015625 0.037109375
0 0.306640625 0.126953125 0.01171875 0.0361328125
0 0.7392578125 0.7275390625 0.01171875 0.03125
0 0.8173828125 0.6064453125 0.0146484375 0.033203125
0 0.7734375 0.5087890625 0.0126953125 0.02734375
0 0.6845703125 0.32421875 0.013671875 0.01953125
0 0.69921875 0.3388671875 0.0107421875 0.0107421875
1 0.0556640625 0.3994140625 0.046875 0.103515625
1 0.025390625 0.4365234375 0.044921875 0.1015625
1 0.005859375 0.482421875 0.0107421875 0.095703125