3 0.017578125 0.634765625 0.021484375 0.642578125 0.025390625 0.64453125 0.025390625 0.654296875 0.02734375 0.65625 0.02734375 0.66796875 0.0234375 0.673828125 0.017578125 0.63671875
4 0.611328125 0.03125 0.615234375 0.03125 0.615234375 0.0390625 0.6171875 0.041015625 0.6171875 0.044921875 0.61328125 0.05078125 0.615234375 0.056640625 0.611328125 0.060546875 0.611328125 0.04296875 0.609375 0.041015625 0.609375 0.03515625 0.611328125 0.033203125
4 0.798828125 0.875 0.80078125 0.87890625 0.80078125 0.892578125 0.798828125 0.89453125 0.794921875 0.89453125 0.787109375 0.884765625 0.7890625 0.8828125 0.787109375 0.880859375 0.796875 0.875
4 0.806640625 0.533203125 0.806640625 0.544921875 0.80078125 0.552734375 0.798828125 0.552734375 0.798828125 0.537109375 0.8046875 0.533203125
4 0.802734375 0.765625 0.810546875 0.767578125 0.8125 0.771484375 0.8125 0.78125 0.806640625 0.783203125 0.80078125 0.77734375 0.802734375 0.767578125
4 0.837890625 0.57421875 0.83984375 0.576171875 0.83984375 0.587890625 0.8359375 0.59375 0.833984375 0.595703125 0.830078125 0.59375 0.830078125 0.587890625 0.83203125 0.5859375 0.830078125 0.583984375 0.8359375 0.576171875
4 0.24609375 0.412109375 0.25 0.4140625 0.25 0.41796875 0.25390625 0.421875 0.2578125 0.43359375 0.2578125 0.4375 0.255859375 0.4375 0.24609375 0.427734375 0.244140625 0.421875 0.244140625 0.416015625 0.24609375 0.4140625
4 0.201171875 0.263671875 0.208984375 0.26953125 0.208984375 0.27734375 0.2109375 0.279296875 0.2109375 0.2890625 0.208984375 0.291015625 0.20703125 0.2890625 0.20703125 0.283203125 0.201171875 0.27734375 0.201171875 0.26953125 0.19921875 0.267578125 0.201171875 0.265625
4 0.8583984375 0.615234375 0.021484375 0.021484375
4 0.669921875 0.353515625 0.673828125 0.353515625 0.6796875 0.36328125 0.6796875 0.3671875 0.673828125 0.369140625 0.669921875 0.361328125 0.669921875 0.35546875
4 0.65625 0.33984375 0.66015625 0.341796875 0.66015625 0.34765625 0.65625 0.357421875 0.650390625 0.3515625 0.650390625 0.345703125 0.65234375 0.34375 0.650390625 0.341796875 0.654296875 0.33984375
4 0.189453125 0.26171875 0.193359375 0.26171875 0.19921875 0.271484375 0.19921875 0.28125 0.1953125 0.28125 0.1875 0.26953125 0.189453125 0.263671875
4 0.77734375 0.849609375 0.78125 0.859375 0.779296875 0.865234375 0.7734375 0.859375 0.7734375 0.853515625 0.775390625 0.8515625