4 0.41015625 0.69140625 0.408203125 0.681640625 0.4140625 0.669921875 0.4140625 0.6640625 0.41796875 0.666015625 0.419921875 0.681640625 0.41796875 0.6875 0.412109375 0.69140625
4 0.416015625 0.642578125 0.423828125 0.640625 0.419921875 0.6484375 0.419921875 0.658203125 0.416015625 0.662109375 0.416015625 0.666015625 0.412109375 0.6640625 0.416015625 0.64453125
4 0.4140625 0.640625 0.416015625 0.623046875 0.421875 0.615234375 0.423828125 0.6171875 0.419921875 0.623046875 0.421875 0.62890625 0.41796875 0.640625 0.416015625 0.640625
4 0.404296875 0.642578125 0.40625 0.646484375 0.40234375 0.650390625 0.40234375 0.658203125 0.3984375 0.6640625 0.39453125 0.66015625 0.396484375 0.658203125 0.396484375 0.65234375 0.400390625 0.6484375 0.3984375 0.640625 0.40234375 0.642578125
4 0.73046875 0.611328125 0.736328125 0.615234375 0.736328125 0.62109375 0.73828125 0.623046875 0.73828125 0.640625 0.734375 0.646484375 0.732421875 0.63671875 0.7265625 0.6328125 0.73046875 0.62890625 0.73046875 0.62109375 0.728515625 0.619140625 0.73046875 0.61328125
4 0.73046875 0.611328125 0.736328125 0.615234375 0.736328125 0.623046875 0.73828125 0.625 0.73828125 0.62890625 0.732421875 0.630859375 0.728515625 0.619140625 0.73046875 0.61328125
4 0.91796875 0.51953125 0.912109375 0.51171875 0.91015625 0.49609375 0.9140625 0.49609375 0.919921875 0.501953125 0.923828125 0.513671875 0.919921875 0.517578125
4 0.7353515625 0.6689453125 0.0234375 0.03125
4 0.271484375 0.07421875 0.275390625 0.0703125 0.279296875 0.07421875 0.279296875 0.078125 0.28515625 0.08203125 0.28125 0.08984375 0.275390625 0.09375 0.271484375 0.08984375 0.271484375 0.076171875
4 0.736328125 0.62890625 0.73828125 0.640625 0.734375 0.64453125 0.732421875 0.642578125 0.732421875 0.63671875 0.7265625 0.6328125 0.728515625 0.62890625 0.734375 0.62890625
4 0.38671875 0.68359375 0.3828125 0.669921875 0.38671875 0.658203125 0.388671875 0.65625 0.392578125 0.658203125 0.390625 0.66015625 0.392578125 0.662109375 0.392578125 0.66796875 0.390625 0.669921875 0.392578125 0.677734375 0.388671875 0.681640625
4 0.208984375 0.41796875 0.2109375 0.42578125 0.20703125 0.43359375 0.197265625 0.42578125 0.197265625 0.421875 0.205078125 0.416015625 0.20703125 0.41796875
4 0.1484375 0.70703125 0.154296875 0.708984375 0.15234375 0.720703125 0.14453125 0.72265625 0.138671875 0.73046875 0.138671875 0.734375 0.1328125 0.736328125 0.138671875 0.716796875 0.142578125 0.716796875 0.1484375 0.708984375