1 0.060546875 0.1875 0.064453125 0.193359375 0.06640625 0.20703125 0.072265625 0.21875 0.072265625 0.224609375 0.080078125 0.244140625 0.080078125 0.25 0.083984375 0.251953125 0.08203125 0.271484375 0.07421875 0.279296875 0.068359375 0.279296875 0.064453125 0.275390625 0.060546875 0.263671875 0.056640625 0.259765625 0.056640625 0.251953125 0.052734375 0.24609375 0.05078125 0.23046875 0.046875 0.2265625 0.046875 0.21875 0.04296875 0.212890625 0.041015625 0.197265625 0.044921875 0.189453125 0.05078125 0.185546875 0.056640625 0.185546875 0.05859375 0.1875
1 0 0.234375 0.005859375 0.240234375 0.0078125 0.24609375 0.009765625 0.263671875 0.013671875 0.26953125 0.015625 0.28515625 0.01953125 0.291015625 0.0234375 0.3046875 0.0234375 0.30859375 0.015625 0.3203125 0.005859375 0.322265625 0 0.31640625 0 0.236328125
1 0.01953125 0.19921875 0.03125 0.208984375 0.03125 0.212890625 0.03515625 0.216796875 0.03515625 0.22265625 0.04296875 0.240234375 0.04296875 0.25 0.046875 0.255859375 0.046875 0.26171875 0.05078125 0.263671875 0.05078125 0.271484375 0.0546875 0.27734375 0.0546875 0.29296875 0.04296875 0.3046875 0.033203125 0.302734375 0.02734375 0.294921875 0.025390625 0.283203125 0.021484375 0.27734375 0.021484375 0.26953125 0.017578125 0.263671875 0.017578125 0.255859375 0.013671875 0.251953125 0.013671875 0.240234375 0.01171875 0.23828125 0.009765625 0.216796875 0.0078125 0.21484375 0.0078125 0.20703125 0.017578125 0.201171875
1 0.072265625 0.15625 0.08203125 0.154296875 0.08984375 0.1640625 0.08984375 0.16796875 0.095703125 0.17578125 0.095703125 0.18359375 0.099609375 0.1875 0.099609375 0.193359375 0.103515625 0.19921875 0.103515625 0.205078125 0.109375 0.212890625 0.109375 0.21875 0.11328125 0.2265625 0.109375 0.240234375 0.1015625 0.24609375 0.09375 0.24609375 0.0859375 0.236328125 0.0859375 0.2265625 0.08203125 0.22265625 0.08203125 0.216796875 0.078125 0.212890625 0.078125 0.20703125 0.07421875 0.201171875 0.07421875 0.193359375 0.0703125 0.185546875 0.0703125 0.17578125 0.06640625 0.162109375 0.072265625 0.158203125
3 0.744140625 0.21484375 0.75 0.216796875 0.75390625 0.228515625 0.75 0.234375 0.74609375 0.234375 0.7421875 0.2265625 0.744140625 0.216796875
3 0.728515625 0.197265625 0.734375 0.197265625 0.734375 0.2109375 0.732421875 0.212890625 0.728515625 0.2109375 0.728515625 0.203125 0.7265625 0.201171875 0.728515625 0.19921875
3 0.80859375 0.599609375 0.814453125 0.60546875 0.814453125 0.6171875 0.80859375 0.62109375 0.8046875 0.61328125 0.806640625 0.6015625
3 0.318359375 0.06640625 0.322265625 0.06640625 0.32421875 0.0703125 0.32421875 0.080078125 0.328125 0.08984375 0.326171875 0.09375 0.322265625 0.087890625 0.322265625 0.08203125 0.318359375 0.078125 0.318359375 0.068359375
3 0.765625 0.6640625 0.771484375 0.666015625 0.771484375 0.673828125 0.767578125 0.67578125 0.765625 0.669921875 0.767578125 0.666015625
3 0.857421875 0.427734375 0.859375 0.4296875 0.859375 0.4375 0.857421875 0.439453125 0.857421875 0.4453125 0.853515625 0.447265625 0.845703125 0.447265625 0.849609375 0.44140625 0.8515625 0.4296875 0.85546875 0.427734375
3 0.7782986111111112 0.6969184027777777 0.017737268518518534 0.022265625000000067
3 0.88671875 0.505859375 0.890625 0.505859375 0.892578125 0.509765625 0.890625 0.525390625 0.880859375 0.53125 0.8828125 0.513671875 0.88671875 0.5078125
3 0.8129340277777778 0.3731553819444445 0.015798611111111027 0.024131944444444442