4 0.607421875 0.263671875 0.609375 0.263671875 0.611328125 0.26953125 0.611328125 0.279296875 0.60546875 0.28515625 0.60546875 0.26953125 0.607421875 0.265625
4 0.6015625 0.28125 0.603515625 0.283203125 0.603515625 0.302734375 0.595703125 0.3046875 0.599609375 0.283203125
4 0.583984375 0.298828125 0.587890625 0.298828125 0.58984375 0.302734375 0.587890625 0.322265625 0.583984375 0.32421875 0.583984375 0.30078125
4 0.1328125 0.4609375 0.13671875 0.4609375 0.146484375 0.470703125 0.14453125 0.48046875 0.138671875 0.48046875 0.1328125 0.470703125 0.1328125 0.462890625
4 0.265625 0.341796875 0.271484375 0.35546875 0.2734375 0.375 0.26953125 0.373046875 0.265625 0.365234375 0.263671875 0.34375
4 0.267578125 0.328125 0.26953125 0.33984375 0.265625 0.33984375 0.26171875 0.345703125 0.2578125 0.3359375 0.265625 0.328125
4 0.58203125 0.26171875 0.58203125 0.275390625 0.578125 0.28515625 0.57421875 0.28125 0.57421875 0.267578125 0.580078125 0.26171875
4 0.583984375 0.283203125 0.5859375 0.287109375 0.5859375 0.298828125 0.580078125 0.306640625 0.576171875 0.306640625 0.576171875 0.3046875 0.580078125 0.296875 0.58203125 0.28515625
4 0.80078125 0.80859375 0.8046875 0.818359375 0.802734375 0.83203125 0.798828125 0.830078125 0.79296875 0.8203125 0.79296875 0.81640625 0.798828125 0.810546875
4 0.259765625 0.3046875 0.26171875 0.31640625 0.265625 0.322265625 0.26171875 0.328125 0.2578125 0.326171875 0.255859375 0.3203125 0.255859375 0.30859375 0.25390625 0.306640625 0.2578125 0.3046875
4 0.810546875 0.482421875 0.81640625 0.482421875 0.822265625 0.48828125 0.822265625 0.4921875 0.81640625 0.498046875 0.8125 0.498046875 0.810546875 0.49609375 0.810546875 0.484375
4 0.58203125 0.26171875 0.583984375 0.267578125 0.583984375 0.287109375 0.578125 0.28515625 0.578125 0.275390625 0.58203125 0.263671875
4 0.833984375 0.18359375 0.83203125 0.205078125 0.826171875 0.208984375 0.82421875 0.21875 0.822265625 0.220703125 0.8203125 0.21875 0.8203125 0.208984375 0.818359375 0.20703125 0.828125 0.1953125 0.828125 0.19140625 0.83203125 0.185546875