3 0.28125 0.9375 0.287109375 0.943359375 0.287109375 0.953125 0.291015625 0.966796875 0.291015625 0.9765625 0.2890625 0.978515625 0.29296875 0.9921875 0.291015625 0.998046875 0.26953125 0.998046875 0.267578125 0.9921875 0.267578125 0.982421875 0.265625 0.98046875 0.265625 0.97265625 0.267578125 0.970703125 0.265625 0.96875 0.265625 0.94140625 0.271484375 0.935546875 0.27734375 0.935546875 0.279296875 0.9375
3 0.171875 0.998046875 0.169921875 0.978515625 0.166015625 0.97265625 0.16796875 0.96484375 0.166015625 0.962890625 0.166015625 0.953125 0.162109375 0.939453125 0.1640625 0.923828125 0.169921875 0.919921875 0.1796875 0.919921875 0.185546875 0.921875 0.1875 0.92578125 0.1875 0.935546875 0.189453125 0.9375 0.1875 0.94921875 0.189453125 0.951171875 0.19140625 0.97265625 0.1953125 0.982421875 0.193359375 0.984375 0.1953125 0.998046875 0.173828125 0.998046875
3 0.2109375 0.927734375 0.220703125 0.9375 0.220703125 0.9453125 0.22265625 0.947265625 0.220703125 0.958984375 0.22265625 0.9609375 0.22265625 0.970703125 0.2265625 0.984375 0.2265625 0.994140625 0.224609375 0.99609375 0.2265625 0.998046875 0.201171875 0.998046875 0.19921875 0.962890625 0.197265625 0.9609375 0.1953125 0.94140625 0.19921875 0.9296875 0.205078125 0.927734375 0.208984375 0.9296875
3 0.236328125 0.927734375 0.24609375 0.9296875 0.25390625 0.935546875 0.25390625 0.943359375 0.255859375 0.9453125 0.25390625 0.95703125 0.2578125 0.970703125 0.255859375 0.98046875 0.259765625 0.984375 0.259765625 0.9921875 0.26171875 0.994140625 0.26171875 0.998046875 0.232421875 0.998046875 0.23046875 0.99609375 0.23046875 0.98828125 0.232421875 0.986328125 0.23046875 0.984375 0.23046875 0.9609375 0.228515625 0.958984375 0.2265625 0.94140625 0.23046875 0.935546875 0.228515625 0.93359375 0.236328125 0.9296875
3 0.3125 0.94921875 0.322265625 0.95703125 0.322265625 0.962890625 0.32421875 0.96484375 0.32421875 0.974609375 0.322265625 0.9765625 0.32421875 0.978515625 0.32421875 0.998046875 0.30078125 0.998046875 0.302734375 0.9921875 0.30078125 0.990234375 0.30078125 0.966796875 0.298828125 0.962890625 0.302734375 0.951171875 0.3046875 0.94921875 0.310546875 0.94921875
3 0.138671875 0.91796875 0.146484375 0.921875 0.1484375 0.919921875 0.15234375 0.921875 0.158203125 0.931640625 0.158203125 0.9375 0.15625 0.939453125 0.158203125 0.94140625 0.158203125 0.94921875 0.15625 0.951171875 0.158203125 0.953125 0.16015625 0.9765625 0.162109375 0.978515625 0.162109375 0.986328125 0.16015625 0.98828125 0.162109375 0.994140625 0.16015625 0.998046875 0.140625 0.998046875 0.140625 0.994140625 0.13671875 0.990234375 0.13671875 0.98046875 0.1328125 0.966796875 0.134765625 0.955078125 0.130859375 0.94140625 0.130859375 0.93359375 0.1328125 0.931640625 0.130859375 0.927734375 0.134765625 0.923828125 0.134765625 0.919921875 0.13671875 0.919921875
4 0.740234375 0.208984375 0.74609375 0.2109375 0.748046875 0.22265625 0.7421875 0.224609375 0.740234375 0.228515625 0.736328125 0.2265625 0.734375 0.21484375 0.73828125 0.2109375
4 0.888671875 0.640625 0.896484375 0.646484375 0.892578125 0.65625 0.89453125 0.658203125 0.888671875 0.658203125 0.88671875 0.65625 0.88671875 0.646484375 0.884765625 0.64453125 0.88671875 0.642578125
4 0.830078125 0.63671875 0.837890625 0.634765625 0.841796875 0.638671875 0.83984375 0.6484375 0.8359375 0.650390625 0.83203125 0.6484375 0.83203125 0.638671875
4 0.7998046875 0.28125 0.017578125 0.025390625
4 0.556640625 0.98046875 0.560546875 0.984375 0.560546875 0.9921875 0.5625 0.994140625 0.5625 0.99609375 0.556640625 0.99609375 0.556640625 0.982421875
4 0.73828125 0.24609375 0.744140625 0.248046875 0.744140625 0.25390625 0.7421875 0.255859375 0.73828125 0.255859375 0.73828125 0.248046875
4 0.87890625 0.66796875 0.88671875 0.673828125 0.88671875 0.6796875 0.884765625 0.681640625 0.88671875 0.6875 0.884765625 0.69140625 0.884765625 0.6875 0.87890625 0.681640625 0.87890625 0.669921875
4 0.681640625 0.53515625 0.6875 0.537109375 0.68359375 0.5546875 0.681640625 0.5546875 0.6796875 0.548828125 0.6796875 0.5390625 0.681640625 0.537109375
4 0.896484375 0.314453125 0.900390625 0.318359375 0.908203125 0.318359375 0.912109375 0.322265625 0.912109375 0.33203125 0.91015625 0.333984375 0.904296875 0.33203125 0.89453125 0.3203125 0.89453125 0.31640625
4 0.931640625 0.86328125 0.9375 0.865234375 0.94921875 0.880859375 0.94921875 0.890625 0.9453125 0.890625 0.94140625 0.884765625 0.94140625 0.87890625 0.9375 0.873046875 0.9375 0.869140625 0.931640625 0.865234375
4 0.896484375 0.40234375 0.900390625 0.41015625 0.9140625 0.419921875 0.912109375 0.423828125 0.90625 0.42578125 0.896484375 0.419921875 0.89453125 0.416015625 0.8984375 0.41015625 0.896484375 0.404296875
4 0.888671875 0.478515625 0.896484375 0.484375 0.896484375 0.498046875 0.892578125 0.498046875 0.88671875 0.4921875 0.8828125 0.482421875 0.88671875 0.48046875