1 0.1171875 0.1015625 0.126953125 0.10546875 0.138671875 0.10546875 0.142578125 0.103515625 0.158203125 0.109375 0.171875 0.111328125 0.1796875 0.119140625 0.17578125 0.126953125 0.162109375 0.134765625 0.14453125 0.12890625 0.140625 0.130859375 0.13671875 0.12890625 0.123046875 0.12890625 0.1171875 0.125 0.099609375 0.125 0.087890625 0.12109375 0.0859375 0.111328125 0.08984375 0.103515625 0.09375 0.1015625 0.109375 0.1015625 0.111328125 0.099609375 0.115234375 0.1015625
1 0.189453125 0.033203125 0.220703125 0.033203125 0.220703125 0.03515625 0.216796875 0.037109375 0.20703125 0.037109375 0.1953125 0.033203125 0.1875 0.03515625
1 0.162109375 0.03515625 0.18359375 0.041015625 0.19140625 0.0390625 0.201171875 0.04296875 0.20703125 0.048828125 0.205078125 0.060546875 0.19921875 0.064453125 0.18359375 0.06640625 0.177734375 0.0625 0.150390625 0.0625 0.140625 0.05859375 0.130859375 0.060546875 0.125 0.056640625 0.12109375 0.056640625 0.119140625 0.0546875 0.119140625 0.044921875 0.123046875 0.0390625 0.134765625 0.03515625 0.16015625 0.037109375
1 0.1171875 0.064453125 0.119140625 0.06640625 0.134765625 0.06640625 0.13671875 0.064453125 0.138671875 0.06640625 0.150390625 0.06640625 0.154296875 0.0703125 0.177734375 0.0703125 0.18359375 0.072265625 0.1953125 0.080078125 0.1953125 0.08984375 0.18359375 0.1015625 0.16015625 0.099609375 0.158203125 0.09765625 0.15234375 0.09765625 0.1484375 0.09375 0.138671875 0.09375 0.13671875 0.095703125 0.119140625 0.09375 0.095703125 0.0859375 0.091796875 0.08203125 0.09375 0.072265625 0.099609375 0.06640625 0.115234375 0.064453125
1 0.0859375 0.130859375 0.09765625 0.134765625 0.1171875 0.134765625 0.12109375 0.138671875 0.130859375 0.138671875 0.1328125 0.140625 0.142578125 0.138671875 0.15234375 0.14453125 0.154296875 0.1484375 0.15234375 0.15625 0.142578125 0.166015625 0.12890625 0.166015625 0.119140625 0.16015625 0.11328125 0.162109375 0.1015625 0.158203125 0.087890625 0.158203125 0.068359375 0.15234375 0.0625 0.1484375 0.064453125 0.134765625 0.0703125 0.130859375 0.083984375 0.1328125
3 0.2734375 0.78125 0.275390625 0.783203125 0.2734375 0.7890625 0.263671875 0.7890625 0.255859375 0.78515625 0.259765625 0.78125 0.265625 0.78125 0.267578125 0.779296875 0.271484375 0.78125
3 0.251953125 0.76953125 0.25390625 0.771484375 0.251953125 0.7734375 0.24609375 0.7734375 0.244140625 0.775390625 0.23828125 0.775390625 0.234375 0.771484375 0.2421875 0.767578125 0.248046875 0.767578125 0.25 0.76953125
3 0.65234375 0.78125 0.654296875 0.78515625 0.646484375 0.7890625 0.638671875 0.7890625 0.634765625 0.783203125 0.642578125 0.779296875 0.6484375 0.779296875 0.650390625 0.78125
3 0.02734375 0.388671875 0.029296875 0.390625 0.04296875 0.390625 0.044921875 0.392578125 0.048828125 0.390625 0.056640625 0.39453125 0.0546875 0.396484375 0.048828125 0.396484375 0.046875 0.39453125 0.044921875 0.396484375 0.03125 0.396484375 0.02734375 0.390625
3 0.693359375 0.73046875 0.69921875 0.734375 0.697265625 0.736328125 0.6875 0.736328125 0.6875 0.732421875 0.69140625 0.73046875
3 0.5 0.845703125 0.5 0.85546875 0.49609375 0.85546875 0.486328125 0.861328125 0.482421875 0.859375 0.484375 0.8515625 0.48828125 0.8515625 0.498046875 0.845703125
3 0.716796875 0.736328125 0.724609375 0.736328125 0.732421875 0.740234375 0.732421875 0.74609375 0.73046875 0.748046875 0.716796875 0.748046875 0.716796875 0.7421875 0.71484375 0.740234375 0.716796875 0.73828125
3 0.5625 0.87890625 0.5625 0.875 0.56640625 0.87109375 0.5703125 0.873046875 0.578125 0.87109375 0.58203125 0.865234375 0.583984375 0.865234375 0.583984375 0.87109375 0.578125 0.87890625 0.57421875 0.880859375 0.568359375 0.87890625 0.56640625 0.880859375 0.564453125 0.87890625
3 0.02719907407407407 0.7863642939814814 0.035561342592592596 0.015755208333333326
3 0.4140625 0.826171875 0.421875 0.822265625 0.43359375 0.822265625 0.43359375 0.826171875 0.42578125 0.83203125 0.41796875 0.83203125 0.416015625 0.828125