0 0.197265625 0.12890625 0.021484375 0.03515625
0 0.2314453125 0.2724609375 0.0234375 0.037109375
0 0.83203125 0.498046875 0.025390625 0.029296875
0 0.7958984375 0.4521484375 0.021484375 0.03125
0 0.611328125 0.3125 0.015625 0.01953125
0 0.7783203125 0.6298828125 0.0234375 0.03125
0 0.7568359375 0.3984375 0.017578125 0.021484375
1 0.025390625 0.466796875 0.05078125 0.11328125
1 0.013671875 0.5087890625 0.02734375 0.115234375
0 0.62890625 0.2421875 0.013671875 0.025390625
0 0.646484375 0.255859375 0.017578125 0.021484375