0 0.673828125 0.5361328125 0.015625 0.033203125
0 0.5546875 0.9931640625 0.015625 0.013671875
0 0.5771484375 0.1025390625 0.017578125 0.033203125
0 0.5615234375 0.1015625 0.017578125 0.03125
0 0.5380859375 0.9892578125 0.017578125 0.021484375
0 0.986328125 0.134765625 0.021484375 0.048828125
0 0.966796875 0.1103515625 0.021484375 0.04296875
0 0.9892578125 0.0849609375 0.01953125 0.044921875
0 0.99609375 0.5400390625 0.0078125 0.037109375
0 0.5244140625 0.4169921875 0.01171875 0.015625
0 0.88671875 0.109375 0.021484375 0.04296875