0 0.41796875 0.5595703125 0.015625 0.01953125
0 0.8173828125 0.462890625 0.02734375 0.037109375
0 0.2666015625 0.138671875 0.0234375 0.03515625
0 0.3662109375 0.4892578125 0.017578125 0.0234375
0 0.2861328125 0.796875 0.0234375 0.037109375
0 0.8095703125 0.291015625 0.01953125 0.029296875
0 0.2861328125 0.7470703125 0.01953125 0.033203125
0 0.353515625 0.5087890625 0.017578125 0.0234375
0 0.3896484375 0.9833984375 0.01953125 0.025390625
0 0.2705078125 0.8349609375 0.029296875 0.03125
0 0.822265625 0.2890625 0.021484375 0.0390625