0 0.794921875 0.9013671875 0.0185546875 0.0263671875
0 0.98046875 0.328125 0.0126953125 0.0244140625
0 0.5302734375 0.37890625 0.01171875 0.0439453125
0 0.55859375 0.0263671875 0.01171875 0.0341796875
0 0.5458984375 0.3935546875 0.0107421875 0.029296875
0 0.5537109375 0.380859375 0.009765625 0.0341796875
0 0.5361328125 0.421875 0.0078125 0.03515625
0 0.2529296875 0.5087890625 0.0205078125 0.0234375
0 0.2421875 0.466796875 0.013671875 0.03125
0 0.78515625 0.244140625 0.01171875 0.0380859375
0 0.0791015625 0.6953125 0.0234375 0.025390625