4 0.369140625 0.921875 0.37109375 0.923828125 0.3671875 0.935546875 0.369140625 0.9375 0.369140625 0.94921875 0.36328125 0.947265625 0.36328125 0.93359375 0.3671875 0.923828125
4 0.21484375 0.45703125 0.216796875 0.45703125 0.216796875 0.46875 0.21875 0.47265625 0.208984375 0.478515625 0.208984375 0.46875 0.21484375 0.458984375
4 0.232421875 0.1328125 0.23828125 0.1328125 0.244140625 0.140625 0.244140625 0.146484375 0.2421875 0.1484375 0.232421875 0.150390625 0.23046875 0.146484375 0.23046875 0.13671875 0.232421875 0.134765625
4 0.21484375 0.236328125 0.22265625 0.23828125 0.22265625 0.244140625 0.224609375 0.24609375 0.22265625 0.25390625 0.21875 0.25390625 0.212890625 0.24609375 0.212890625 0.240234375 0.21484375 0.23828125
4 0.775390625 0.787109375 0.76953125 0.775390625 0.76953125 0.763671875 0.771484375 0.76171875 0.7734375 0.76171875 0.7734375 0.767578125 0.779296875 0.783203125 0.77734375 0.787109375
4 0.341796875 0.650390625 0.341796875 0.65625 0.34375 0.658203125 0.34375 0.666015625 0.341796875 0.66796875 0.3359375 0.658203125 0.3359375 0.65234375 0.33984375 0.650390625
4 0.18359375 0.40625 0.185546875 0.408203125 0.18359375 0.412109375 0.19140625 0.41796875 0.189453125 0.421875 0.185546875 0.421875 0.181640625 0.42578125 0.18359375 0.43359375 0.177734375 0.427734375 0.177734375 0.4140625 0.181640625 0.408203125
4 0.759765625 0.7578125 0.763671875 0.759765625 0.763671875 0.765625 0.76953125 0.771484375 0.76953125 0.783203125 0.765625 0.783203125 0.76171875 0.779296875 0.7578125 0.76953125 0.759765625 0.759765625
4 0.2548828125 0.171875 0.01171875 0.017578125
4 0.7353515625 0.626953125 0.017578125 0.033203125
4 0.15625 0.396484375 0.15234375 0.388671875 0.162109375 0.375 0.166015625 0.37890625 0.166015625 0.384765625 0.162109375 0.396484375 0.158203125 0.396484375
4 0.39453125 0.337890625 0.3984375 0.33984375 0.400390625 0.345703125 0.396484375 0.35546875 0.396484375 0.365234375 0.390625 0.365234375 0.388671875 0.36328125 0.388671875 0.349609375 0.392578125 0.33984375