4 0.87890625 0.310546875 0.884765625 0.3125 0.884765625 0.318359375 0.88671875 0.3203125 0.884765625 0.326171875 0.87890625 0.328125 0.876953125 0.326171875 0.876953125 0.314453125 0.87890625 0.3125
4 0.763671875 0.703125 0.76953125 0.703125 0.775390625 0.708984375 0.775390625 0.716796875 0.765625 0.716796875 0.763671875 0.705078125
4 0.822265625 0.6591796875 0.01171875 0.0224609375
4 0.92578125 0.6171875 0.927734375 0.619140625 0.92578125 0.62890625 0.921875 0.6328125 0.912109375 0.6328125 0.912109375 0.62890625 0.923828125 0.619140625
4 0.90625 0.103515625 0.91015625 0.103515625 0.912109375 0.109375 0.90625 0.123046875 0.904296875 0.125 0.8984375 0.125 0.90234375 0.119140625 0.90625 0.10546875
4 0.904296875 0.529296875 0.912109375 0.529296875 0.9140625 0.53125 0.912109375 0.5390625 0.90234375 0.546875 0.8984375 0.546875 0.8984375 0.541015625 0.904296875 0.53125
4 0.873046875 0.283203125 0.876953125 0.296875 0.873046875 0.302734375 0.8671875 0.30078125 0.8671875 0.29296875 0.873046875 0.28515625
3 0.2890625 0 0.30859375 0 0.306640625 0.009765625 0.302734375 0.01171875 0.294921875 0.01171875 0.2890625 0.001953125
3 0.2578125 0 0.279296875 0 0.279296875 0.009765625 0.271484375 0.015625 0.263671875 0.015625 0.2578125 0.009765625 0.2578125 0.001953125
3 0.173828125 0 0.1953125 0 0.193359375 0.013671875 0.185546875 0.017578125 0.181640625 0.017578125 0.173828125 0.01171875 0.173828125 0.001953125
3 0.23046875 0 0.251953125 0 0.25 0.0078125 0.2421875 0.013671875 0.234375 0.013671875 0.232421875 0.01171875 0.23046875 0.001953125
3 0.19921875 0 0.22265625 0 0.22265625 0.013671875 0.220703125 0.017578125 0.21484375 0.017578125 0.212890625 0.01953125 0.203125 0.017578125 0.201171875 0.00390625 0.19921875 0.001953125
3 0 0 0.01171875 0 0.01171875 0.03125 0.001953125 0.03515625 0 0.03515625 0 0.001953125
3 0.01953125 0 0.03515625 0 0.037109375 0.001953125 0.037109375 0.0234375 0.0390625 0.025390625 0.03125 0.03125 0.01953125 0.03125 0.017578125 0.029296875 0.01953125 0.001953125