3 0.037109375 0.826171875 0.048828125 0.8359375 0.05078125 0.841796875 0.05078125 0.859375 0.044921875 0.876953125 0.044921875 0.884765625 0.041015625 0.892578125 0.0390625 0.916015625 0.03515625 0.92578125 0.02734375 0.9296875 0.021484375 0.927734375 0.013671875 0.919921875 0.013671875 0.9140625 0.01171875 0.912109375 0.013671875 0.892578125 0.015625 0.890625 0.015625 0.884765625 0.01953125 0.880859375 0.01953125 0.86328125 0.021484375 0.861328125 0.0234375 0.83984375 0.03515625 0.828125
3 0 0.802734375 0.009765625 0.80859375 0.017578125 0.818359375 0.017578125 0.828125 0.013671875 0.8359375 0.01171875 0.853515625 0.009765625 0.85546875 0.0078125 0.8828125 0.00390625 0.88671875 0 0.908203125 0 0.8046875
3 0.0703125 0.859375 0.08203125 0.8671875 0.0859375 0.875 0.0859375 0.884765625 0.080078125 0.8984375 0.080078125 0.908203125 0.076171875 0.91796875 0.07421875 0.9375 0.0625 0.962890625 0.056640625 0.962890625 0.044921875 0.953125 0.044921875 0.94140625 0.046875 0.939453125 0.046875 0.923828125 0.05078125 0.9140625 0.052734375 0.890625 0.056640625 0.8828125 0.060546875 0.865234375 0.0625 0.861328125 0.068359375 0.859375
4 0.76953125 0.818359375 0.775390625 0.818359375 0.779296875 0.82421875 0.779296875 0.830078125 0.775390625 0.837890625 0.76953125 0.837890625 0.76953125 0.830078125 0.767578125 0.828125 0.76953125 0.8203125
4 0.751953125 0.845703125 0.7578125 0.84375 0.76171875 0.8515625 0.76171875 0.857421875 0.7578125 0.861328125 0.751953125 0.853515625 0.751953125 0.84765625
4 0.7900390625 0.408203125 0.013671875 0.025390625
4 0.736328125 0.34375 0.7421875 0.34375 0.7421875 0.353515625 0.740234375 0.35546875 0.736328125 0.35546875 0.736328125 0.345703125
4 0.853515625 0.576171875 0.857421875 0.58203125 0.865234375 0.58203125 0.865234375 0.591796875 0.8671875 0.59375 0.8671875 0.599609375 0.861328125 0.6015625 0.85546875 0.591796875 0.853515625 0.578125
4 0.74609375 0.306640625 0.751953125 0.3046875 0.7578125 0.310546875 0.7578125 0.322265625 0.755859375 0.32421875 0.744140625 0.32421875 0.7421875 0.31640625 0.74609375 0.30859375
4 0.87890625 0.48828125 0.884765625 0.48828125 0.89453125 0.501953125 0.892578125 0.515625 0.884765625 0.51171875 0.8828125 0.5078125 0.884765625 0.501953125 0.87890625 0.490234375
4 0.826171875 0.669921875 0.822265625 0.6640625 0.822265625 0.650390625 0.82421875 0.6484375 0.830078125 0.65234375 0.830078125 0.65625 0.833984375 0.662109375 0.83203125 0.66796875 0.828125 0.669921875