0 0.5341796875 0.078125 0.0126953125 0.02734375
0 0.609375 0.857421875 0.01171875 0.0205078125
0 0.6220703125 0.8583984375 0.013671875 0.021484375
0 0.6826171875 0.439453125 0.0126953125 0.0341796875
0 0.55078125 0.08203125 0.01171875 0.0263671875
0 0.8720703125 0.8896484375 0.0185546875 0.0263671875
0 0.53515625 0.369140625 0.01171875 0.0224609375
0 0.9091796875 0.0537109375 0.013671875 0.041015625
0 0.92578125 0.0283203125 0.009765625 0.0322265625
0 0.927734375 0.060546875 0.01953125 0.0283203125
0 0.986328125 0.4365234375 0.0166015625 0.03515625
0 0.9931640625 0.3916015625 0.013671875 0.0419921875
0 0.833984375 0.0556640625 0.01171875 0.037109375