0 0.544921875 0.02734375 0.0126953125 0.03125
0 0.6220703125 0.7744140625 0.01171875 0.0234375
0 0.5595703125 0.029296875 0.0146484375 0.0322265625
0 0.5419921875 0.310546875 0.0107421875 0.017578125
0 0.93359375 0.02734375 0.013671875 0.0400390625
0 0.916015625 0.017578125 0.0185546875 0.0283203125
0 0.990234375 0.39453125 0.0146484375 0.033203125
0 0.9921875 0.3505859375 0.0126953125 0.0380859375
0 0.6083984375 0.7783203125 0.0146484375 0.033203125
0 0.6865234375 0.375 0.0146484375 0.0302734375
0 0.53515625 0.205078125 0.0068359375 0.015625
0 0.861328125 0.8349609375 0.015625 0.0205078125