0 0.8447265625 0.0732421875 0.0107421875 0.0244140625
0 0.892578125 0.0810546875 0.01171875 0.017578125
0 0.88671875 0.0576171875 0.0107421875 0.0263671875
0 0.6943359375 0.8681640625 0.009765625 0.025390625
0 0.529296875 0.40234375 0.0107421875 0.0166015625
0 0.7197265625 0.1123046875 0.009765625 0.0244140625
0 0.81640625 0.341796875 0.0126953125 0.0380859375
0 0.896484375 0.31640625 0.015625 0.0341796875
0 0.921875 0.3359375 0.017578125 0.0283203125
0 0.89453125 0.287109375 0.015625 0.02734375
0 0.98828125 0.693359375 0.0234375 0.03125
0 0.9873046875 0.7392578125 0.025390625 0.021484375
0 0.5126953125 0.40234375 0.0087890625 0.0146484375