4 0.783203125 0.349609375 0.79296875 0.357421875 0.79296875 0.3671875 0.7890625 0.37109375 0.77734375 0.369140625 0.77734375 0.357421875 0.78125 0.3515625
4 0.83984375 0.865234375 0.84375 0.873046875 0.841796875 0.875 0.841796875 0.880859375 0.8359375 0.884765625 0.83203125 0.87890625 0.83203125 0.869140625 0.837890625 0.865234375
4 0.83203125 0.44921875 0.015625 0.02734375
4 0.875 0.685546875 0.87890625 0.68359375 0.87890625 0.6875 0.884765625 0.6953125 0.884765625 0.705078125 0.880859375 0.7109375 0.876953125 0.70703125 0.876953125 0.703125 0.87109375 0.693359375 0.87109375 0.689453125 0.875 0.6875
4 0.923828125 0.517578125 0.94140625 0.517578125 0.939453125 0.5234375 0.94140625 0.525390625 0.94140625 0.537109375 0.9375 0.537109375 0.931640625 0.533203125 0.923828125 0.51953125
4 0.91796875 0.626953125 0.91796875 0.634765625 0.916015625 0.63671875 0.91015625 0.63671875 0.900390625 0.626953125 0.908203125 0.6171875 0.908203125 0.609375 0.91015625 0.609375 0.912109375 0.623046875 0.916015625 0.626953125
4 0.8203125 0.890625 0.828125 0.896484375 0.822265625 0.912109375 0.818359375 0.90625 0.8203125 0.892578125
3 0.08984375 1.037109375 0.037109375 0.10546875
3 0 0.94140625 0.001953125 0.947265625 0 0.962890625 0 0.943359375
3 0.01171875 0.955078125 0.0234375 0.955078125 0.033203125 0.962890625 0.03515625 0.96875 0.033203125 0.982421875 0.005859375 0.982421875 0.005859375 0.96484375 0.01171875 0.95703125
3 0.044921875 0.96875 0.05859375 0.966796875 0.068359375 0.97265625 0.072265625 0.978515625 0.072265625 0.984375 0.044921875 0.984375 0.041015625 0.982421875 0.044921875 0.970703125