4 0.66796875 0.232421875 0.67578125 0.23828125 0.673828125 0.24609375 0.669921875 0.248046875 0.6640625 0.248046875 0.662109375 0.24609375 0.662109375 0.240234375 0.66015625 0.23828125 0.666015625 0.232421875
4 0.83984375 0.650390625 0.84375 0.650390625 0.849609375 0.66015625 0.845703125 0.66796875 0.841796875 0.666015625 0.837890625 0.66015625 0.83984375 0.65234375
4 0.728515625 0.291015625 0.734375 0.296875 0.734375 0.30078125 0.73828125 0.306640625 0.732421875 0.3125 0.73046875 0.310546875 0.72265625 0.296875 0.7265625 0.29296875
4 0.5390625 0.998046875 0.53515625 0.986328125 0.537109375 0.98046875 0.5390625 0.98046875 0.541015625 0.9921875 0.544921875 0.99609375 0.544921875 0.998046875 0.541015625 0.998046875
4 0.837890625 0.49609375 0.83984375 0.5 0.83984375 0.51171875 0.826171875 0.498046875 0.826171875 0.494140625 0.830078125 0.490234375 0.8359375 0.49609375
4 0.837890625 0.33203125 0.841796875 0.3359375 0.841796875 0.341796875 0.845703125 0.345703125 0.84375 0.349609375 0.83984375 0.349609375 0.826171875 0.33984375 0.828125 0.333984375 0.8359375 0.33203125
4 0.904296875 0.8671875 0.916015625 0.876953125 0.92578125 0.890625 0.92578125 0.89453125 0.921875 0.8984375 0.91796875 0.89453125 0.912109375 0.87890625 0.904296875 0.869140625
4 0.833984375 0.41796875 0.83984375 0.421875 0.841796875 0.427734375 0.849609375 0.431640625 0.849609375 0.4375 0.84765625 0.439453125 0.8359375 0.435546875 0.83203125 0.431640625 0.837890625 0.427734375 0.8359375 0.42578125 0.8359375 0.419921875
4 0.833984375 0.67578125 0.837890625 0.67578125 0.841796875 0.68359375 0.841796875 0.6953125 0.83984375 0.6953125 0.83984375 0.69140625 0.8359375 0.689453125 0.833984375 0.677734375
3 0.25390625 0.943359375 0.265625 0.955078125 0.265625 0.96875 0.267578125 0.970703125 0.265625 0.9765625 0.271484375 0.9921875 0.26953125 0.998046875 0.248046875 0.998046875 0.24609375 0.994140625 0.24609375 0.98828125 0.2421875 0.978515625 0.244140625 0.974609375 0.240234375 0.96484375 0.2421875 0.958984375 0.240234375 0.955078125 0.244140625 0.9453125 0.24609375 0.943359375 0.251953125 0.943359375
3 0.13671875 0.9296875 0.15234375 0.927734375 0.16015625 0.931640625 0.16015625 0.9375 0.1640625 0.9453125 0.162109375 0.951171875 0.166015625 0.9609375 0.1640625 0.966796875 0.169921875 0.974609375 0.169921875 0.98828125 0.171875 0.990234375 0.171875 0.998046875 0.1484375 0.998046875 0.1484375 0.994140625 0.14453125 0.990234375 0.14453125 0.978515625 0.134765625 0.94921875 0.13671875 0.947265625 0.134765625 0.94140625 0.13671875 0.931640625
3 0.181640625 0.935546875 0.193359375 0.94140625 0.193359375 0.947265625 0.197265625 0.95703125 0.1953125 0.9609375 0.197265625 0.96484375 0.197265625 0.9765625 0.203125 0.998046875 0.1796875 0.998046875 0.177734375 0.99609375 0.177734375 0.990234375 0.17578125 0.98828125 0.177734375 0.982421875 0.169921875 0.958984375 0.169921875 0.94140625 0.173828125 0.9375 0.1796875 0.9375
3 0.21875 0.9375 0.23046875 0.947265625 0.23046875 0.95703125 0.232421875 0.958984375 0.23046875 0.96484375 0.236328125 0.982421875 0.234375 0.98828125 0.23828125 0.998046875 0.2109375 0.998046875 0.205078125 0.9765625 0.20703125 0.970703125 0.203125 0.962890625 0.203125 0.94921875 0.201171875 0.947265625 0.20703125 0.9375 0.216796875 0.9375
3 0.27734375 0.958984375 0.2890625 0.95703125 0.30078125 0.966796875 0.302734375 0.97265625 0.30078125 0.9765625 0.302734375 0.98046875 0.302734375 0.994140625 0.3046875 0.99609375 0.3046875 0.998046875 0.279296875 0.998046875 0.279296875 0.9921875 0.27734375 0.990234375 0.279296875 0.984375 0.275390625 0.974609375 0.27734375 0.97265625 0.275390625 0.966796875 0.27734375 0.9609375
3 0.11328125 0.92578125 0.123046875 0.9296875 0.12890625 0.935546875 0.130859375 0.955078125 0.134765625 0.96484375 0.1328125 0.970703125 0.138671875 0.986328125 0.138671875 0.998046875 0.1171875 0.998046875 0.115234375 0.99609375 0.107421875 0.9609375 0.103515625 0.953125 0.10546875 0.94921875 0.103515625 0.935546875 0.107421875 0.927734375 0.111328125 0.927734375