3 0.2890625 0.80859375 0.291015625 0.810546875 0.28125 0.818359375 0.28125 0.82421875 0.279296875 0.826171875 0.279296875 0.83203125 0.28125 0.833984375 0.279296875 0.837890625 0.275390625 0.837890625 0.271484375 0.83203125 0.275390625 0.8203125 0.275390625 0.810546875 0.27734375 0.80859375 0.287109375 0.80859375
3 0.697265625 0.8359375 0.705078125 0.83203125 0.708984375 0.83984375 0.7109375 0.859375 0.70703125 0.86328125 0.70703125 0.8671875 0.705078125 0.8671875 0.701171875 0.859375 0.703125 0.85546875 0.701171875 0.853515625 0.701171875 0.841796875 0.69921875 0.837890625
3 0.689453125 0.82421875 0.6953125 0.83984375 0.6953125 0.8515625 0.689453125 0.859375 0.685546875 0.853515625 0.68359375 0.837890625 0.6796875 0.8359375 0.6796875 0.830078125 0.6875 0.82421875
3 0.673828125 0.86328125 0.681640625 0.869140625 0.68359375 0.875 0.68359375 0.890625 0.6796875 0.89453125 0.67578125 0.88671875 0.673828125 0.865234375
3 0.27734375 0.82421875 0.2734375 0.81640625 0.2734375 0.810546875 0.28125 0.79296875 0.28125 0.78515625 0.28515625 0.783203125 0.28515625 0.80078125 0.279296875 0.822265625
3 0.890625 0.26171875 0.89453125 0.267578125 0.89453125 0.27734375 0.890625 0.28515625 0.88671875 0.28515625 0.87890625 0.27734375 0.888671875 0.263671875
3 0.677734375 0.845703125 0.69140625 0.859375 0.689453125 0.861328125 0.689453125 0.87890625 0.685546875 0.8828125 0.681640625 0.87109375 0.681640625 0.861328125 0.6796875 0.859375 0.681640625 0.85546875 0.677734375 0.8515625 0.677734375 0.84765625
3 0.279296875 0.83203125 0.283203125 0.833984375 0.279296875 0.845703125 0.275390625 0.849609375 0.275390625 0.859375 0.271484375 0.865234375 0.271484375 0.869140625 0.267578125 0.8671875 0.267578125 0.84765625 0.271484375 0.83984375 0.26953125 0.8359375 0.271484375 0.833984375 0.27734375 0.8359375 0.279296875 0.833984375
3 0.19921875 0.720703125 0.205078125 0.724609375 0.20703125 0.73046875 0.19921875 0.740234375 0.197265625 0.744140625 0.19921875 0.74609375 0.1953125 0.75 0.189453125 0.74609375 0.197265625 0.72265625
3 0.9140625 0.615234375 0.919921875 0.623046875 0.923828125 0.623046875 0.923828125 0.62890625 0.912109375 0.63671875 0.91015625 0.634765625 0.91015625 0.619140625 0.912109375 0.6171875
3 0.708984375 0.86328125 0.7109375 0.869140625 0.7109375 0.88671875 0.708984375 0.888671875 0.703125 0.87890625 0.703125 0.865234375 0.70703125 0.86328125
3 0.9296875 0.919921875 0.94140625 0.931640625 0.943359375 0.953125 0.939453125 0.951171875 0.935546875 0.939453125 0.92578125 0.931640625 0.923828125 0.921875 0.927734375 0.919921875