0 0.7958984375 0.958984375 0.0185546875 0.025390625
0 0.48046875 0.466796875 0.01171875 0.03125
0 0.9365234375 0.330078125 0.01171875 0.02734375
0 0.4951171875 0.4931640625 0.01171875 0.029296875
0 0.033203125 0.93359375 0.0244140625 0.0361328125
0 0.232421875 0.646484375 0.013671875 0.0244140625
0 0.4951171875 0.5244140625 0.0107421875 0.0302734375
0 0.2197265625 0.6025390625 0.0205078125 0.0263671875
0 0.2255859375 0.630859375 0.01953125 0.0166015625
0 0.5009765625 0.484375 0.0126953125 0.03125
0 0.5126953125 0.4912109375 0.01171875 0.037109375