0 0.87890625 0.27734375 0.01171875 0.025390625
0 0.921875 0.509765625 0.021484375 0.02734375
0 0.8232421875 0.2919921875 0.013671875 0.02734375
1 0.2626953125 0.017578125 0.025390625 0.02734375
1 0.2333984375 0.029296875 0.029296875 0.048828125
1 0.1982421875 0.0322265625 0.029296875 0.0546875
1 0.166015625 0.03515625 0.02734375 0.05859375
1 0.13671875 0.0439453125 0.03125 0.076171875
1 0.1064453125 0.0419921875 0.03125 0.0703125
0 0.84375 0.65625 0.01953125 0.03125
0 0.9423828125 0.59765625 0.025390625 0.029296875
0 0.8955078125 0.052734375 0.017578125 0.037109375
0 0.900390625 0.4443359375 0.015625 0.021484375