1 0 0.49609375 0.005859375 0.498046875 0.015625 0.509765625 0.01953125 0.5390625 0.03125 0.564453125 0.03125 0.578125 0.0234375 0.591796875 0.015625 0.59765625 0.01171875 0.59765625 0.0078125 0.59375 0.0078125 0.58984375 0.00390625 0.583984375 0.00390625 0.578125 0 0.57421875 0 0.498046875
3 0.67578125 0.111328125 0.67578125 0.103515625 0.677734375 0.1015625 0.67578125 0.091796875 0.6796875 0.0859375 0.68359375 0.08984375 0.67578125 0.11328125
3 0.71484375 0.904296875 0.716796875 0.90625 0.716796875 0.916015625 0.712890625 0.921875 0.708984375 0.921875 0.703125 0.9140625 0.703125 0.908203125 0.712890625 0.904296875
3 0.779296875 0.5859375 0.779296875 0.59375 0.771484375 0.603515625 0.76953125 0.603515625 0.76953125 0.591796875 0.77734375 0.5859375
3 0.73828125 0.802734375 0.744140625 0.806640625 0.744140625 0.8203125 0.73828125 0.8203125 0.734375 0.81640625 0.734375 0.806640625 0.736328125 0.8046875
3 0.79296875 0.6484375 0.79296875 0.638671875 0.798828125 0.630859375 0.802734375 0.6328125 0.802734375 0.638671875 0.794921875 0.6484375
3 0.2734375 0.3828125 0.27734375 0.3828125 0.283203125 0.3984375 0.283203125 0.404296875 0.28125 0.40625 0.27734375 0.40234375 0.271484375 0.390625 0.2734375 0.384765625
3 0.2578125 0.234375 0.26171875 0.236328125 0.263671875 0.25 0.265625 0.251953125 0.263671875 0.25390625 0.263671875 0.259765625 0.259765625 0.26171875 0.259765625 0.25390625 0.255859375 0.248046875 0.2578125 0.236328125
3 0.8203125 0.6640625 0.822265625 0.666015625 0.822265625 0.671875 0.810546875 0.6796875 0.806640625 0.677734375 0.806640625 0.673828125 0.8125 0.666015625 0.818359375 0.6640625
3 0.681640625 0.39453125 0.689453125 0.40625 0.685546875 0.412109375 0.6796875 0.41015625 0.6796875 0.3984375 0.681640625 0.396484375
3 0.66796875 0.37890625 0.673828125 0.38671875 0.671875 0.392578125 0.66796875 0.396484375 0.6640625 0.39453125 0.666015625 0.380859375
3 0.24609375 0.232421875 0.25 0.232421875 0.25390625 0.23828125 0.25390625 0.25 0.251953125 0.251953125 0.24609375 0.244140625 0.24609375 0.234375
3 0.6982421875 0.8837890625 0.0087890625 0.015625