5 0.154296875 0.009765625 0.162109375 0.025390625 0.162109375 0.03125 0.166015625 0.037109375 0.169921875 0.05078125 0.173828125 0.0546875 0.17578125 0.06640625 0.181640625 0.076171875 0.185546875 0.091796875 0.189453125 0.09765625 0.189453125 0.109375 0.1640625 0.138671875 0.16015625 0.138671875 0.150390625 0.126953125 0.146484375 0.111328125 0.13671875 0.08984375 0.13671875 0.083984375 0.123046875 0.04296875 0.125 0.033203125 0.140625 0.01171875 0.14453125 0.0078125 0.150390625 0.0078125 0.15234375 0.009765625
3 0.390625 0.29296875 0.39453125 0.294921875 0.39453125 0.298828125 0.400390625 0.3046875 0.3984375 0.310546875 0.390625 0.314453125 0.388671875 0.3125 0.390625 0.294921875
1 0.60546875 0.6328125 0.609375 0.640625 0.609375 0.650390625 0.611328125 0.65234375 0.611328125 0.673828125 0.6015625 0.681640625 0.578125 0.689453125 0.560546875 0.69140625 0.55078125 0.6953125 0.546875 0.689453125 0.546875 0.6796875 0.544921875 0.677734375 0.544921875 0.650390625 0.552734375 0.64453125 0.587890625 0.63671875 0.591796875 0.6328125 0.59765625 0.6328125 0.599609375 0.630859375 0.603515625 0.6328125
1 0.474609375 0.388671875 0.48828125 0.421875 0.490234375 0.435546875 0.49609375 0.447265625 0.498046875 0.462890625 0.501953125 0.46875 0.501953125 0.48046875 0.484375 0.498046875 0.478515625 0.48828125 0.4765625 0.4765625 0.46875 0.458984375 0.462890625 0.44140625 0.462890625 0.435546875 0.458984375 0.4296875 0.455078125 0.416015625 0.45703125 0.40234375 0.47265625 0.388671875
1 0.453125 0.89453125 0.455078125 0.90234375 0.462890625 0.916015625 0.462890625 0.9296875 0.46484375 0.931640625 0.466796875 0.951171875 0.470703125 0.958984375 0.47265625 0.974609375 0.48046875 0.9921875 0.48046875 0.998046875 0.443359375 0.998046875 0.443359375 0.990234375 0.44140625 0.98828125 0.439453125 0.97265625 0.427734375 0.927734375 0.427734375 0.912109375 0.44140625 0.896484375 0.451171875 0.89453125
1 0.185546875 0.84765625 0.193359375 0.857421875 0.193359375 0.88671875 0.189453125 0.8984375 0.162109375 0.931640625 0.1328125 0.978515625 0.1171875 0.998046875 0.095703125 0.998046875 0.08984375 0.984375 0.08984375 0.970703125 0.09765625 0.9609375 0.1015625 0.951171875 0.109375 0.943359375 0.111328125 0.9375 0.12109375 0.92578125 0.125 0.916015625 0.130859375 0.91015625 0.15625 0.869140625 0.162109375 0.86328125 0.1640625 0.857421875 0.17578125 0.845703125 0.181640625 0.845703125 0.18359375 0.84765625
1 0.283203125 0.548828125 0.291015625 0.5546875 0.294921875 0.564453125 0.3046875 0.57421875 0.310546875 0.5859375 0.326171875 0.607421875 0.330078125 0.6171875 0.328125 0.6328125 0.31640625 0.65234375 0.310546875 0.65234375 0.306640625 0.6484375 0.26953125 0.591796875 0.267578125 0.57421875 0.2734375 0.55859375 0.28125 0.55078125
0 0.329166666015625 0.59537037109375 0.332291666015625 0.582407408203125 0.352604166015625 0.560185185546875 0.358854166015625 0.546296296875 0.359375 0.542592591796875 0.353125 0.52592592578125 0.2890625 0.387037037109375 0.285416666015625 0.384259259765625 0.2765625 0.386111111328125 0.2515625 0.42222222265625 0.253645833984375 0.434259259765625 0.315104166015625 0.57037037109375 0.323958333984375 0.59537037109375 0.329166666015625 0.59537037109375
0 0.4109375 0.32962962890625 0.415104166015625 0.335185185546875 0.41875 0.335185185546875 0.435416666015625 0.317592591796875 0.439583333984375 0.310185185546875 0.438020833984375 0.296296296875 0.421354166015625 0.25462962890625 0.416666666015625 0.228703703125 0.413020833984375 0.22037037109375 0.413020833984375 0.212962962890625 0.408854166015625 0.207407408203125 0.3859375 0.15092592578125 0.380208333984375 0.142592591796875 0.372916666015625 0.142592591796875 0.3625 0.15277777734375 0.355729166015625 0.167592591796875 0.359895833984375 0.196296296875 0.390104166015625 0.267592591796875 0.395833333984375 0.292592591796875 0.4109375 0.32962962890625
0 0.343229166015625 0.1231481484375 0.353125 0.115740740234375 0.363020833984375 0.10277777734375 0.366666666015625 0.089814814453125 0.3328125 0 0.292708333984375 0.0018518515625 0.324479166015625 0.086111111328125 0.336458333984375 0.114814814453125 0.343229166015625 0.1231481484375
0 0.155208333984375 0 0.152604166015625 0.00462962890625 0.153125 0.011111111328125 0.161979166015625 0.02407407421875 0.182291666015625 0.0805555546875 0.191145833984375 0.092592591796875 0.1953125 0.09537037109375 0.2015625 0.093518517578125 0.219270833984375 0.07037037109375 0.2203125 0.061111111328125 0.217708333984375 0.0518518515625 0.206770833984375 0.0194444453125 0.197395833984375 0 0.155208333984375 0