3 0.0546875 0.154296875 0.060546875 0.15234375 0.072265625 0.166015625 0.072265625 0.17578125 0.064453125 0.173828125 0.056640625 0.177734375 0.052734375 0.169921875 0.0546875 0.15625
3 0.002940538194444445 0.18464265046296297 0.00588107638888889 0.04195601851851852
1 0.302734375 0.8671875 0.310546875 0.865234375 0.314453125 0.8671875 0.318359375 0.875 0.3203125 0.890625 0.326171875 0.8984375 0.326171875 0.90625 0.328125 0.912109375 0.33203125 0.9140625 0.3359375 0.931640625 0.341796875 0.939453125 0.33984375 0.947265625 0.34375 0.951171875 0.34375 0.962890625 0.341796875 0.96484375 0.34375 0.97265625 0.3359375 0.984375 0.3203125 0.984375 0.31640625 0.978515625 0.31640625 0.974609375 0.306640625 0.9609375 0.306640625 0.953125 0.302734375 0.947265625 0.302734375 0.9375 0.296875 0.9296875 0.296875 0.921875 0.29296875 0.91796875 0.29296875 0.91015625 0.2890625 0.8984375 0.2890625 0.88671875 0.291015625 0.884765625 0.2890625 0.880859375 0.302734375 0.869140625
1 0.0034396701388888897 0.5254991319444444 0.006879340277777779 0.1325954861111111
1 0.91796875 0.66015625 0.923828125 0.673828125 0.927734375 0.677734375 0.9296875 0.697265625 0.923828125 0.71875 0.90625 0.740234375 0.896484375 0.740234375 0.884765625 0.73046875 0.880859375 0.72265625 0.87109375 0.712890625 0.86328125 0.71484375 0.86328125 0.7109375 0.876953125 0.69140625 0.896484375 0.669921875 0.908203125 0.66015625 0.912109375 0.658203125 0.916015625 0.66015625
1 0.271484375 0.17578125 0.275390625 0.220703125 0.271484375 0.2265625 0.265625 0.2265625 0.263671875 0.228515625 0.25 0.228515625 0.2421875 0.22265625 0.244140625 0.216796875 0.2421875 0.21484375 0.2421875 0.19921875 0.23828125 0.1953125 0.23828125 0.177734375 0.236328125 0.17578125 0.236328125 0.16015625 0.234375 0.158203125 0.236328125 0.154296875 0.236328125 0.142578125 0.234375 0.138671875 0.236328125 0.13671875 0.236328125 0.1171875 0.24609375 0.107421875 0.26171875 0.109375 0.267578125 0.119140625 0.267578125 0.13671875 0.26953125 0.138671875 0.267578125 0.173828125 0.26953125 0.17578125
1 0.533203125 0.947265625 0.5390625 0.951171875 0.548828125 0.970703125 0.54296875 0.97265625 0.525390625 0.97265625 0.521484375 0.9765625 0.515625 0.9765625 0.515625 0.97265625 0.5234375 0.9609375 0.525390625 0.951171875 0.53125 0.947265625
1 0.40234375 0.14453125 0.408203125 0.150390625 0.4140625 0.162109375 0.4140625 0.18359375 0.412109375 0.185546875 0.41015625 0.19921875 0.404296875 0.208984375 0.400390625 0.228515625 0.396484375 0.232421875 0.396484375 0.240234375 0.390625 0.25390625 0.390625 0.259765625 0.38671875 0.26171875 0.369140625 0.248046875 0.3671875 0.2421875 0.36328125 0.240234375 0.36328125 0.23046875 0.3671875 0.22265625 0.365234375 0.21875 0.373046875 0.20703125 0.37109375 0.203125 0.37890625 0.185546875 0.376953125 0.18359375 0.37890625 0.181640625 0.37890625 0.169921875 0.3828125 0.166015625 0.380859375 0.162109375 0.384765625 0.15625 0.384765625 0.15234375 0.39453125 0.140625 0.400390625 0.14453125
1 0.361328125 0 0.388671875 0 0.388671875 0.005859375 0.3828125 0.01171875 0.375 0.0078125 0.3671875 0.0078125 0.361328125 0.001953125
1 0.25 0.345703125 0.255859375 0.3515625 0.25390625 0.361328125 0.2578125 0.36328125 0.2578125 0.373046875 0.255859375 0.375 0.2578125 0.3828125 0.25390625 0.392578125 0.25390625 0.3984375 0.255859375 0.400390625 0.25390625 0.40234375 0.25390625 0.41796875 0.251953125 0.419921875 0.251953125 0.431640625 0.25 0.43359375 0.251953125 0.4375 0.251953125 0.451171875 0.25 0.455078125 0.251953125 0.45703125 0.25 0.458984375 0.25 0.466796875 0.24609375 0.470703125 0.224609375 0.46875 0.220703125 0.46484375 0.220703125 0.4609375 0.216796875 0.455078125 0.21875 0.453125 0.21875 0.421875 0.216796875 0.419921875 0.220703125 0.408203125 0.21875 0.3984375 0.220703125 0.396484375 0.22265625 0.357421875 0.2265625 0.3515625 0.2265625 0.34765625 0.23046875 0.341796875 0.240234375 0.341796875 0.248046875 0.345703125
1 0.1485543046875 0.626556708984375 0.152707435546875 0.629902537109375 0.157043068359375 0.628304595703125 0.237499326171875 0.557889015625 0.241683822265625 0.539591595703125 0.238078193359375 0.521414451171875 0.23061437109375 0.503784013671875 0.22363165234375 0.499855552734375 0.21598899609375 0.501922099609375 0.135862708984375 0.56934017578125 0.132850619140625 0.573701318359375 0.13336675390625 0.5805132578125 0.1485543046875 0.626556708984375