5 0.92578125 0 0.927734375 0 0.916015625 0.025390625 0.916015625 0.033203125 0.908203125 0.044921875 0.904296875 0.0625 0.896484375 0.068359375 0.88671875 0.068359375 0.8828125 0.060546875 0.875 0.052734375 0.875 0.048828125 0.8671875 0.04296875 0.8671875 0.037109375 0.865234375 0.03515625 0.8671875 0.021484375 0.87890625 0 0.923828125 0
3 0.638671875 0.25 0.638671875 0.2421875 0.646484375 0.232421875 0.6484375 0.232421875 0.650390625 0.23828125 0.650390625 0.25 0.646484375 0.25390625 0.640625 0.25
1 0.416015625 0.583984375 0.419921875 0.587890625 0.431640625 0.587890625 0.453125 0.595703125 0.4609375 0.595703125 0.47265625 0.6015625 0.474609375 0.60546875 0.474609375 0.619140625 0.47265625 0.62109375 0.470703125 0.64453125 0.466796875 0.6484375 0.451171875 0.6484375 0.44921875 0.646484375 0.435546875 0.64453125 0.4296875 0.640625 0.427734375 0.642578125 0.42578125 0.640625 0.419921875 0.640625 0.404296875 0.62890625 0.40625 0.595703125 0.41015625 0.591796875 0.41015625 0.587890625 0.4140625 0.5859375
1 0.5625 0.33203125 0.57421875 0.34375 0.578125 0.3515625 0.578125 0.357421875 0.568359375 0.37890625 0.56640625 0.384765625 0.568359375 0.38671875 0.564453125 0.392578125 0.556640625 0.416015625 0.552734375 0.419921875 0.552734375 0.42578125 0.546875 0.44140625 0.54296875 0.4453125 0.53125 0.435546875 0.5234375 0.421875 0.52734375 0.41796875 0.52734375 0.412109375 0.533203125 0.400390625 0.5390625 0.375 0.54296875 0.369140625 0.54296875 0.365234375 0.546875 0.361328125 0.546875 0.35546875 0.55078125 0.349609375 0.55078125 0.341796875 0.560546875 0.33203125
1 0.560546875 0.857421875 0.56640625 0.857421875 0.57421875 0.861328125 0.583984375 0.875 0.583984375 0.89453125 0.580078125 0.8984375 0.578125 0.921875 0.572265625 0.931640625 0.5703125 0.947265625 0.564453125 0.958984375 0.52734375 0.9609375 0.529296875 0.953125 0.533203125 0.94921875 0.537109375 0.939453125 0.5390625 0.923828125 0.54296875 0.919921875 0.541015625 0.9140625 0.548828125 0.88671875 0.548828125 0.87890625 0.560546875 0.859375
1 0.853515625 0.810546875 0.859375 0.81640625 0.859375 0.822265625 0.869140625 0.830078125 0.869140625 0.833984375 0.8828125 0.8515625 0.884765625 0.859375 0.900390625 0.8828125 0.8984375 0.884765625 0.908203125 0.89453125 0.9296875 0.931640625 0.888671875 0.93359375 0.88671875 0.935546875 0.8828125 0.935546875 0.880859375 0.9296875 0.873046875 0.919921875 0.87109375 0.912109375 0.86328125 0.904296875 0.86328125 0.900390625 0.859375 0.8984375 0.85546875 0.890625 0.84765625 0.884765625 0.849609375 0.8828125 0.83203125 0.859375 0.830078125 0.83984375 0.828125 0.837890625 0.830078125 0.818359375 0.841796875 0.806640625 0.84765625 0.806640625 0.8515625 0.810546875
1 0.751953125 0.498046875 0.75390625 0.50390625 0.759765625 0.5078125 0.765625 0.521484375 0.763671875 0.5234375 0.763671875 0.541015625 0.75 0.55859375 0.75 0.5625 0.7421875 0.57421875 0.716796875 0.60546875 0.712890625 0.60546875 0.70703125 0.599609375 0.703125 0.587890625 0.69921875 0.583984375 0.69921875 0.578125 0.697265625 0.576171875 0.69921875 0.564453125 0.703125 0.556640625 0.71484375 0.54296875 0.71875 0.533203125 0.734375 0.517578125 0.73828125 0.51171875 0.73828125 0.5078125 0.75 0.498046875
0 0.67305583203125 0.491228193359375 0.6734415625 0.495082615234375 0.679345859375 0.509518248046875 0.6994914921875 0.532570982421875 0.702192396484375 0.546055869140625 0.707595806640625 0.546033505859375 0.717825232421875 0.519963044921875 0.787267451171875 0.377966962890625 0.7899313046875 0.36542387890625 0.7655023984375 0.32792880078125 0.75639390625 0.32603848828125 0.75249555859375 0.328946634765625 0.68023567578125 0.473846392578125 0.67305583203125 0.491228193359375
0 0.63571578515625 0.14241305078125 0.631161140625 0.1482159296875 0.6308519140625 0.155929248046875 0.626721654296875 0.1646223828125 0.620776302734375 0.1916391171875 0.6017460078125 0.235098087890625 0.599545193359375 0.249567263671875 0.603558697265625 0.25726269140625 0.620115205078125 0.2755102578125 0.623897591796875 0.275494603515625 0.628452236328125 0.2696917265625 0.6456682421875 0.231060287109375 0.652655625 0.205003244140625 0.68697167578125 0.130632865234375 0.692492646484375 0.10072587109375 0.68608666015625 0.08532830859375 0.67570501953125 0.074767224609375 0.66814024609375 0.074798533203125 0.661848619140625 0.083500611328125 0.63571578515625 0.14241305078125
0 0.692602005859375 0 0.684392328125 0.01978300390625 0.68763357421875 0.03326565625 0.6973589140625 0.046721470703125 0.707316169921875 0.054392296875 0.71468848046875 0.045685744140625 0.7283145625 0.015745205078125 0.7348506015625 0 0.692602005859375 0
0 0.838915423828125 0 0.85552582421875 0.022930755859375 0.861932611328125 0.024832248046875 0.866371296875 0.021921865234375 0.87605958203125 0.00934970703125 0.879778927734375 0 0.838915423828125 0