5 0.021484375 0.0625 0.02734375 0.0625 0.037109375 0.068359375 0.04296875 0.080078125 0.048828125 0.0859375 0.048828125 0.08984375 0.0625 0.107421875 0.064453125 0.115234375 0.0703125 0.12109375 0.07421875 0.130859375 0.078125 0.134765625 0.080078125 0.142578125 0.087890625 0.1484375 0.08984375 0.16015625 0.09375 0.1640625 0.09375 0.171875 0.080078125 0.19140625 0.078125 0.19921875 0.072265625 0.205078125 0.064453125 0.205078125 0.0546875 0.197265625 0.05078125 0.185546875 0.044921875 0.1796875 0.04296875 0.171875 0.03515625 0.1640625 0.029296875 0.1484375 0.01953125 0.134765625 0.01953125 0.130859375 0.0078125 0.111328125 0.0078125 0.09375 0.005859375 0.091796875 0.009765625 0.087890625 0.009765625 0.083984375 0.017578125 0.076171875 0.021484375 0.064453125
3 0.35546875 0.33984375 0.369140625 0.3515625 0.3671875 0.359375 0.359375 0.36328125 0.35546875 0.35546875 0.357421875 0.353515625 0.353515625 0.34765625 0.35546875 0.341796875
1 0.669921875 0.685546875 0.671875 0.6875 0.671875 0.693359375 0.67578125 0.697265625 0.67578125 0.708984375 0.6796875 0.7109375 0.6796875 0.7265625 0.681640625 0.728515625 0.671875 0.73828125 0.6640625 0.740234375 0.658203125 0.74609375 0.646484375 0.748046875 0.642578125 0.751953125 0.6328125 0.751953125 0.62890625 0.7578125 0.623046875 0.7578125 0.62109375 0.759765625 0.615234375 0.7578125 0.615234375 0.751953125 0.611328125 0.748046875 0.611328125 0.740234375 0.60546875 0.732421875 0.603515625 0.7109375 0.609375 0.705078125 0.619140625 0.703125 0.625 0.6953125 0.6328125 0.6953125 0.650390625 0.6875 0.658203125 0.681640625 0.66796875 0.685546875
1 0.46875 0.43359375 0.484375 0.455078125 0.486328125 0.46484375 0.5 0.484375 0.501953125 0.4921875 0.5078125 0.5 0.509765625 0.5078125 0.517578125 0.521484375 0.517578125 0.529296875 0.51953125 0.53125 0.515625 0.5390625 0.50390625 0.55078125 0.5 0.55078125 0.49609375 0.546875 0.494140625 0.537109375 0.484375 0.525390625 0.484375 0.521484375 0.48046875 0.517578125 0.4765625 0.505859375 0.470703125 0.501953125 0.466796875 0.48828125 0.453125 0.46875 0.453125 0.45703125 0.451171875 0.455078125 0.453125 0.447265625 0.466796875 0.43359375
1 0.5651041666666667 0.9941731770833333 0.08557581018518523 0.011653645833333282
1 0.248046875 0.986328125 0.251953125 0.990234375 0.255859375 0.990234375 0.2578125 0.994140625 0.236328125 0.994140625 0.240234375 0.98828125 0.24609375 0.986328125
1 0.294921875 0.640625 0.306640625 0.650390625 0.314453125 0.662109375 0.328125 0.671875 0.337890625 0.685546875 0.3515625 0.697265625 0.359375 0.708984375 0.361328125 0.7265625 0.357421875 0.734375 0.35546875 0.74609375 0.349609375 0.751953125 0.345703125 0.751953125 0.33984375 0.748046875 0.3046875 0.712890625 0.287109375 0.69140625 0.28125 0.677734375 0.283203125 0.673828125 0.283203125 0.65625 0.2890625 0.6484375 0.2890625 0.64453125 0.29296875 0.642578125
0 0.35207014453125 0.6691437734375 0.369558330078125 0.641229458984375 0.373395765625 0.62482094140625 0.373158158203125 0.620629859375 0.362632017578125 0.6031538828125 0.2617318359375 0.459449822265625 0.25711175 0.456956525390625 0.247773638671875 0.460435970703125 0.228167458984375 0.50450718359375 0.23309498828125 0.517520126953125 0.33052137890625 0.658563140625 0.345737439453125 0.684860978515625 0.351468900390625 0.68402225 0.35207014453125 0.6691437734375
0 0.291265365234375 0.187842623046875 0.287057474609375 0.205361814453125 0.297925974609375 0.23652172265625 0.3467754296875 0.31072091015625 0.358552615234375 0.337521986328125 0.383281375 0.376161787109375 0.389082671875 0.38165162109375 0.3930946953125 0.381064509765625 0.407584298828125 0.358871322265625 0.41054796484375 0.349985916015625 0.405788205078125 0.334835490234375 0.37832656640625 0.291313296875 0.367492984375 0.263317671875 0.361656771484375 0.254663556640625 0.360035267578125 0.246449134765625 0.35423396875 0.24095930078125 0.31665156640625 0.182014734375 0.308522765625 0.173696111328125 0.300498720703125 0.17487033203125 0.291265365234375 0.187842623046875
0 0.181425630859375 0.031712728515625 0.23483215625 0.1200355390625 0.25429784765625 0.1499373515625 0.26357294140625 0.1580882265625 0.272841212890625 0.14828022265625 0.280893357421875 0.132311396484375 0.282067748046875 0.117349046875 0.226326017578125 0.025142107421875 0.181425630859375 0.031712728515625
0 0.115610939453125 0.11952222265625 0.114730349609375 0.109086447265625 0.109837740234375 0.099237783203125 0.09070758984375 0.065061013671875 0.077522419921875 0.04691769140625 0.028968751953125 0.054022923828125 0.02785737890625 0.057354953125 0.029849341796875 0.064458697265625 0.042430458984375 0.077408099609375 0.07714712890625 0.136772029296875 0.089525560546875 0.14869462890625 0.09471879296875 0.1511040546875 0.101191169921875 0.14804397265625 0.115610939453125 0.11952222265625